   5.1075913855929063        4.4796274667516496     
   5.0852243078457331        4.3722824651520851     
   5.1436573268932877        4.4546104663788677     
   5.0219721267511979        4.3922136654490833     
   5.1218584075680589        4.5853238683266486     
   5.0079188693495080        4.2513886633506264     
   4.9809391782190646        4.2116938627591276     
   4.8600678260305372        4.2113558627540915     
   5.1387950838449106        4.4313242660318766     
   5.1424838617419937        4.4925848669447301     
   5.1257592357577924        4.4850034668317589     
   5.1128732281395797        4.5020334670855249     
   4.9713705360798732        4.3332960645711420     
   5.1254283947765673        4.5031214671017379     
   5.0951848251554068        4.3932428654644191     
   5.0996306706091090        4.4274690659744289     
   4.9685383672129086        4.2379594631505162     
   5.0753912913582075        4.3986750655453655     
   4.7995735260740302        4.1517910618665068     
   5.1157600240658381        4.5369816676062937     
   5.1128688864407978        4.4456582662454691     
   5.1210620512963620        4.4774444667191213     
   5.1424084655933244        4.5258740674407782     
   4.8814752239080308        4.1704244621441662     
   4.9384391140375685        4.3011340640918911     
   4.7564353858088362        4.0586410604784637     
   5.1423810462286976        4.4424450661975889     
   5.1464813514504746        4.4289226659960894     
   5.1437462266210892        4.4876378668710144     
   4.6133087975466678        3.9504572588664000     
   5.0059837926014215        4.4303276660170257     
   4.9806898827894139        4.3423712647063732     
   4.9463860731955887        4.3728448651604657     
   5.0386039273264531        4.2884908639034931     
   4.3051816766092967        3.6695890546811372     
   4.6271002714660803        4.0673890606088188     
   4.5213457652668945        3.8313976570922730     
   4.1359355637530282        3.5063456522486214     
   4.5651254210318566        3.8228266569645553     
   4.9573240431670076        4.3075838641880004     
   5.1555858817412492        4.4400562661619931     
   4.6837207038888664        4.0566840604493022     
   4.4537268036693938        3.8230164569673839     
   4.9658981637568758        4.2436354632350950     
   4.3990335005100443        3.8299404570705597     
   4.4224240476342143        3.8772540577755867     
   4.7455662693864387        4.0824084608326254     
   4.7527903289130373        4.0348040601232649     
   4.7597460086787198        4.1563952619351152     
   4.7587620858232489        4.0269450600061560     
   4.5947668920204148        4.0419646602299659     
   4.9953407828753065        4.2730990636741373     
   4.9078130382319758        4.2197916628797945     
   5.0453639949966647        4.3176148643374743     
   4.4051462908896726        3.8039644566834871     
   4.7695385760385403        4.0702844606519637     
   4.6610997656556439        3.9794136592978835     
   4.6856719124013724        4.0123928597893119     
   4.4128769218178903        3.7831246563729497     
   4.9124498651849908        4.1586102619681204     
   4.9581722447147172        4.2613490634990479     
   4.9366934927896002        4.2303734630374761     
   4.6156712044839860        3.9780420592774450     
   4.8904051339850811        4.2473090632898360     
   4.5202167680885559        3.8412282572387602     
   4.5917636551941063        3.9157936583498714     
   4.7868817626086475        4.1348640616142749     
   4.8291936515960776        4.0696478606424780     
   4.9026225908027570        4.2186864628633263     
   4.9732897092467709        4.3070820641805225     
   4.5235061905312959        3.8747034577375801     
   5.1339517772158798        4.4599124664578742     
   4.8496980226151454        4.1324938615789568     
   4.7849058809468072        4.2303494630371183     
   4.8353008934016390        4.1699690621373797     
   4.7185386772970253        4.0596050604928280     
   4.7343297665899433        4.0656614605830752     
   4.8589034795048640        4.3729940651626888     
   4.9289580325542737        4.3602114649722132     
   4.9180027385964280        4.2923024639602900     
   4.8972945182881347        4.2136160627877706     
   5.0305641399589538        4.2763700637228785     
   4.8565530372757806        4.1524084618757069     
   4.9474522565416521        4.3872484653750954     
   4.9456412386094337        4.1934486624872536     
   4.5840362939006383        3.8104422567800134     
   4.8820266694866881        4.1711004621542394     
   4.6951260213038344        3.9944310595216606     
   5.0145681459735707        4.2525638633681391     
   4.6775908694721924        3.9675988591218290     
   5.0813093421585958        4.3289464645063287     
   4.9379552359157692        4.2150540628091990     
   4.5917245327755989        4.0639978605582865     
   5.0813246779628134        4.4380922661327267     
   4.8717487103147219        4.2866084638754431     
   4.6814675046749903        4.0933228609952632     
   4.6393431031296393        4.0294682600437550     
   4.8618903484624871        4.0961462610373349     
   4.8458797827300151        4.1824692623236475     
   5.0006885509166423        4.2699216636267900     
   4.1374565629809021        3.5092588522920312     
   4.7864018349203787        4.0457674602866316     
   4.9661069740330817        4.2522166633629652     
   4.2474372560265961        3.5560150529887529     
   4.8659841528936028        4.2492266633184110     
   5.1408694804144792        4.4420056661910419     
   4.7687387812448234        4.0904534609525056     
   4.6744481716175006        3.9417366587364526     
   4.7797438814293089        4.0305220600594582     
   5.0813093421585958        4.3646138650378141     
   4.9522843346217513        4.2769192637310622     
   5.0359761435541408        4.3413374646909677     
   4.5346952099017939        3.8741132577287853     
   4.8899017698825702        4.1883624624114626     
   4.5869678845395505        3.8873326579257697     
   4.7760560996687493        4.0357564601374571     
   4.7928437158095027        4.1734608621894127     
   5.0319768104840792        4.3691632651056054     
   4.8289478738970759        4.1368896616444584     
   4.7075266244003995        3.9522912588937280     
   4.9424372841397988        4.2406370631904160     
   4.6593933476264233        3.9318002585883884     
   4.8530897469413317        4.3602010649720579     
   4.8707279889382713        4.1460106617803723     
   5.0463953035791977        4.3467650647718461     
   4.9393536851066369        4.2113902627546045     
   4.8314494079766623        4.1897948624328079     
   4.8883229204917873        4.2048590626572810     
   4.6486828327824217        4.0923146609802394     
   4.8612434738030821        4.1583746619646096     
   4.9881936164703324        4.2322146630649113     
   4.9386549182362360        4.1331466615886834     
   4.8841780267414929        4.3041772641372384     
   4.9916252385845388        4.2873908638871017     
   4.7761377317046856        4.1009184611084457     
   5.0538021006971716        4.3720958651493049     
   4.7969113910160113        4.1283430615171044     
   4.7270490463130912        3.9815590593298524     
   4.8821377783976914        4.1887644624174536     
   4.9494334032954788        4.3173386643333584     
   4.7886642693079455        4.0384006601768583     
   4.7683798504685484        4.1098560612416266     
   5.1558668366438676        4.3961856655082698     
   4.7817933237650774        4.0718666606755400     
   4.9368137873432634        4.2653110635580864     
   4.8579040790568513        4.1184054613690231     
   4.9443580071835971        4.3705392651261095     
   4.6446158008691913        3.9215716584359708     
   4.7774963742647216        4.1472928617994791     
   5.0035108864738831        4.2878622638941257     
   4.7686559731842726        4.2064796626814305     
   4.8278404435223923        4.2035374626375885     
   5.1333387990052142        4.4119034657424834     
   5.1530238677369828        4.4843816668224932     
   5.0627302321789793        4.3693448651083111     
   4.7939490730093457        4.0545466604174525     
   4.9273892251466016        4.2011926626026481     
   4.8411936992759825        4.1112816612628702     
   4.7542684780768498        4.1779828622567949     
   4.8312781155649116        4.1549594619137196     
   4.6037077556750070        3.9235340584652127     
   4.8439482567968639        4.1517910618665068     
   4.6210864137217946        4.0208864599158760     
   4.9934681779223222        4.3066634641742860     
   4.6811401226160161        4.0514402603711632     
   5.0904189199009187        4.3724050651539113     
   4.8260142235479595        4.1408550617035473     
   4.8213457495814396        4.2130022627786250     
   4.9448716694206221        4.2041900626473128     
   4.6938180894681878        3.9940638595161886     
   4.7168011668655518        4.0292156600399913     
   4.4883691906919179        3.9546888589294555     
   4.7003244037094634        4.0807842608084233     
   5.0512957708192907        4.4261852659552989     
   4.9425761243440034        4.2255886629661763     
   5.1355228679671745        4.4272980659718808     
   4.5840362939006383        4.0079740597234670     
   4.8159299671757845        4.1481996618129910     
   4.7921846467989386        4.0947680610167980     
   4.9143769724581894        4.2260146629725250     
   4.9383951432299291        4.1691548621252474     
   5.0163517485044276        4.1719514621669198     
   4.8590659931672260        4.1478264618074299     
   4.8164841508956489        4.0933044609949887     
   4.5691540725973887        3.8346652571409643     
   4.5686215398412644        3.9438538587680014     
   4.8333786906951417        4.1039764611540139     
   4.8839566414911815        4.1528124618817266     
   4.7922374031023640        4.1197180613885820     
   4.7258504759526527        3.9875900594197216     
   4.3965897560198091        3.8480874573409705     
   4.6609634640987174        3.9966012595539988     
   4.7875209764634645        4.1158496613309383     
   4.7788785273292058        4.0856166608804321     
   4.7598302576759792        4.1114140612648429     
   4.9124708495926219        4.1726348621771043     
   4.3541640156634926        3.6344582541576478     
   4.7127238622281444        3.9940752595163587     
   4.4599561877944032        3.7637792560846801     
   4.7761921459120780        4.0794066607878952     
   4.6322497880871749        3.9306496585712436     
   4.7908375473379312        4.1361242616330536     
   4.9574397861237651        4.2636866635338810     
   4.6591539884764614        3.9109870582782480     
   4.7599425682775358        4.1560052619293035     
   4.8753845439739738        4.1419042617191817     
   4.9365531148784418        4.2183932628589567     
   4.6783158824994313        4.0091020597402753     
   4.9426752738391642        4.2605132634865939     
   4.6832643410541817        4.0121506597857026     
   4.6514686804463512        4.0118838597817268     
   4.2646959331806311        3.5724598532337994     
   4.0513183647643247        3.4641028516191539     
   4.9970635828830483        4.3478094647874084     
   4.8486336041595770        4.2364620631282035     
   5.0024475888614850        4.2956494640101637     
   4.8330617019271216        4.0980080610650775     
   4.7289609468937126        4.0821776608291866     
   4.8617287042639985        4.2045282626523521     
   4.3568338890158769        3.7968252565771041     
   4.9208195704565432        4.1718750621657819     
   4.6702496627715826        4.0167008598535068     
   4.7140456502416797        4.0771722607546002     
   5.1418584440115653        4.3786352652467491     
   4.4790648743925585        3.8353136571506261     
   4.5876783696319041        4.1083556612192691     
   4.7096366454843279        4.0481998603228773     
   4.9523817008087399        4.2556016634134055     
   4.5406296801843693        3.8675550576310607     
   4.6292099810849718        3.9732324592057764     
   4.9772823594590250        4.2645006635460110     
   4.8652046434854430        4.2186598628629293     
   4.9983699518456115        4.2556386634139569     
   4.9362521807192747        4.1507138618504555     
   4.6435586154936503        4.0182728598769302     
   4.7761377317046856        4.1825594623249920     
   4.5677600842278441        3.9349182586348501     
   5.0689156714003589        4.4016600655898452     
   4.5637614278245948        3.8811704578339454     
   4.5352655762531908        3.8449370572940262     
   5.1702285947238282        4.4192998658526994     
   4.7161595402714447        4.0348058601232921     
   4.8029409404795240        4.2154318628148291     
   4.8282590816158377        4.1997666625813990     
   4.8163078835231694        4.2403692631864249     
   4.8136060746102887        4.0850806608724444     
   4.7752935792984177        4.1182828613671960     
   4.6246887263003478        3.9495206588524434     
   4.6031727393261317        3.9018636581422985     
   4.6202002536924951        3.9401552587128879     
   4.8674254983695349        4.2481216633019452     
   4.8795763467752611        4.1933448624857066     
   4.9808210081301763        4.3194334643645735     
   4.8474721128471208        4.1438204617477359     
   4.9781181729388013        4.2413006632003043     
   4.8772491831686899        4.2169976628381605     
   4.9290800836401560        4.1683862621137946     
   5.0250124057368675        4.2710538636436608     
   5.1184883914698700        4.3541794648823293     
   4.8002466766097553        4.1547364619103968     
   5.0111053825573588        4.3188554643559609     
   4.8238838171127947        4.0735126607000680     
   4.3813587798978144        3.6456316543241440     
   4.7395261744797725        4.1036476611491146     
   4.9594420345622909        4.2931234639725240     
   4.8816709639872009        4.2561574634216877     
   4.7734644039637875        4.0585686604773850     
   4.8972729254149003        4.2877440638923643     
   4.7083654713107261        4.0418034602275634     
   4.8605726578223472        4.3286440645018223     
   4.5994114802761610        3.9892016594437361     
   5.0213421446464190        4.3083898642000102     
   5.0266771323508204        4.4801452667593660     
   4.7423808315691982        4.0487540603311363     
   5.0475389056716073        4.3663826650641706     
   4.8329641283132627        4.1422636617245372     
   4.9801743056071990        4.3187344643541579     
   4.6542392227928309        4.0537606604057395     
   5.0282691112880906        4.4483170662850888     
   5.0223176203075655        4.3015494640980805     
   4.4598027034379362        3.6955436550678908     
   4.8496271284287094        4.1640294620488731     
   4.6848598197209359        3.9601346590106039     
   4.5838773361999294        3.8391846572083086     
   4.2348843963486669        3.6021752536765934     
   4.7696763467246273        4.1019920611244443     
   4.9353483590496614        4.2758398637149782     
   4.8926099132833754        4.2291812630197105     
   4.9366132813600387        4.2758108637145460     
   5.0077432397598480        4.2492922633193881     
   4.7869084122463548        4.1813740623073281     
   4.5259253658333511        3.8520960574007037     
   4.6292099810849718        4.1108274612561022     
   4.9324660122499617        4.1869350623901926     
   5.0858755924659711        4.4095776657078263     
   4.9323851628913991        4.2824760638138653     
   5.0598981093950046        4.2578164634464084     
   4.8796656487191772        4.1545190619071573     
   4.9650430924271678        4.2602524634827077     
   5.0058427886530863        4.3021830641075223     
   5.0366426116183991        4.3337516645779308     
   4.7041260758590218        3.9362246586543170     
   4.9715265020881132        4.2534888633819223     
   4.8687717664939223        4.2221264629145860     
   4.7373893909260900        4.1501752618424304     
   4.6099327814563331        3.9907376594666242     
   4.8231634626749873        4.1244008614583612     
   4.8495562246763466        4.1225984614315028     
   4.5381075408561449        3.8962052580579818     
   4.8056470383368870        4.2223468629178695     
   4.7404017344338651        4.0548864604225159     
   5.0193858962664155        4.2681824636008736     
   4.4795564434158477        3.7278930555499348     
   4.8998363242241689        4.2001736625874644     
   4.5417561182164095        3.9183838583884687     
   5.0534309245373672        4.2758618637153054     
   4.6842743078811688        4.0716608606724742     
   4.4482554945422423        3.7651044561044276     
   4.6931468689486104        3.9482596588336527     
   5.0131787482171752        4.3209876643877330     
   4.6038986940843492        3.9110178582787065     
   4.8026307747153938        4.0953878610260341     
   4.6267356302243279        3.9857566593924014     
   4.8220935203176740        4.1964858625325112     
   4.6918979621049006        3.9194372584041655     
   4.8641251844440587        4.3549058648931531     
   4.7843973433152724        4.1135238612962812     
   4.9713761741948090        4.2299756630315484     
   4.8169119811756342        4.1288186615241917     
   5.0970742026866507        4.3546756648897231     
   4.5828428705995545        3.9569242589627658     
   4.6759392469661787        3.9630708590543566     
   4.7300332654400323        4.0507174603603930     
   5.0168183222327913        4.3126276642631591     
   4.6047379567631612        3.9941908595180808     
   4.9724275865978820        4.2743828636932673     
   4.6162302686529086        4.0085836597325502     
   4.7684074693786869        4.0485202603276518     
   4.7419449206413313        4.0519644603789748     
   4.9446346558688523        4.3094586642159376     
   4.7289609468937126        4.0702930606520926     
   4.9344027307251190        4.1595130619815732     
   4.9424571206632395        4.1905978624447728     
   4.9021306999686889        4.1613176620084644     
   4.4346508040713246        3.7530374559246154     
   4.2951018493368158        3.6079908537632530     
   4.9969919094210136        4.3797776652637719     
   4.9933779846077266        4.3042118641377538     
   5.0845813891367584        4.3925010654533656     
   5.1304877739417334        4.4192192658514973     
   5.0853735025989000        4.4184026658393298     
   4.7304794037744369        4.0719180606763068     
   5.0363094801174029        4.3404114646771701     
   4.5786030094734418        3.8925490580035005     
   4.8788613874557756        4.2322046630647634     
   4.5917636551941063        3.9297574585579480     
   4.7130315600796067        3.9733450592074542     
   4.7803109855779642        4.1820340623171628     
   4.9461339702381251        4.2675710635917632     
   4.9488261085718444        4.2811198637936556     
   4.6289195133993095        4.0234120599535101     
   5.0512309378087590        4.3151502643007484     
   4.9989058990717048        4.2895782639196955     
   4.8007139908071306        4.0958732610332662     
   4.3210352123999334        3.7279258555504233     
   4.9609579889269195        4.3050226641498357     
   5.0340889271192051        4.3044658641415383     
   4.9842814769045063        4.3357048646070364     
   5.0000474751636492        4.3102942642283884     
   5.0239395120274795        4.3567028649199306     
   4.8105847332360527        4.1899742624354817     
   4.9756254677251643        4.1851350623633712     
   4.6075127224480976        3.9217540584386885     
   4.7921846467989386        4.0546332604187425     
   4.2458363196934581        3.5432886527991148     
   5.0570190602510321        4.3189674643576295     
   5.0510039612238762        4.3594070649602266     
   4.8377723410426583        4.1909396624498667     
   5.0782797230637113        4.3289538645064383     
   4.8637572039519945        4.1661840620809789     
   4.7845847573030609        4.1134054612945166     
   5.0399461551680451        4.4109800657287241     
   4.5491864611128650        3.8948300580374902     
   4.4343273066757716        3.7433146557797343     
   4.8418657070986626        4.1564278619356010     
   4.6177551995180108        3.9617096590340730     
   4.8704781786487290        4.1770700622431933     
   5.0690254880932395        4.3075210641870649     
   4.8789955160288150        4.2197872628797288     
   4.8117293161588348        4.1265256614900236     
   4.4717310127773366        3.7878972564440665     
   5.1550503290799945        4.3845178653344066     
   4.8630895835792298        4.2407040631914139     
   4.9615899682492106        4.3239970644325760     
   4.7940805066583891        4.2217018629082590     
   4.8667853868088047        4.1639490620476751     
   4.5792453114679015        3.8838908578744831     
   4.6789411971060026        3.9939038595138041     
   4.9502941881649702        4.2698102636251303     
   4.9559331734303491        4.2864308638727966     
   4.8759243936384680        4.2138430627911534     
   4.1876668929323086        3.5524978529363422     
   3.9686033377886560        3.2479036483975352     
   4.3732147357923603        3.6931328550319673     
   3.8865120922599368        3.2634492486291826     
   3.6403139610943556        2.8952064431419373     
   3.8016087505324849        3.0233590450515599     
   4.0351365742964278        3.3509922499336753     
   4.1101080773421295        3.5250300525270406     
   4.1180210519300937        3.4695036516996325     
   3.7596024646476320        3.1567916470398605     
   4.3986270729925447        3.6628202545802746     
   4.2988918256787416        3.6585566545167416     
   3.9274264989013350        3.2135232478852274     
   4.1859013901174968        3.5682402531709227     
   4.3453041345785648        3.6890092549705211     
   3.8632890020049748        3.3391956497578921     
   4.2193281906886542        3.5290122525863792     
   3.8821538578296986        3.2623486486127824     
   3.6769349883587270        2.9560238440481870     
   4.1827817524840150        3.4151498508896974     
   3.8344650415432322        3.2042070477464053     
   4.0305081503999922        3.3329354496646078     
   3.7120395726877526        3.0702862457508298     
   3.9743653056447781        3.3294230496122688     
   3.9708965169517771        3.3699462502161110     
   3.5035965150857211        2.8898628430623114     
   3.6355664527627605        3.0256726450860354     
   3.9282436668306975        3.2153208479120137     
   4.2255158434818991        3.5115932523268163     
   3.7299774398536600        2.9672796442159117     
   3.7244143596624362        3.0244198450673672     
   3.6743746671160009        2.9452364438874423     
   3.4827796059835117        2.8296842421655803     
   4.2343998601132853        3.5784778533234749     
   4.0815915149112234        3.3547706499899772     
   4.3955795354370091        3.6841956548987929     
   3.9892004192492831        3.3579836500378550     
   3.6411965911688786        2.9687684442380964     
   3.6127244450305684        2.8763422428608387     
   3.9117621441786241        3.2069838477877823     
   3.8530219736249083        3.1162718464360686     
   4.0563459597939371        3.4154684508944455     
   3.8566393546070805        3.3108568493356105     
   3.7252457103439736        3.0728830457895246     
   4.0948400090577914        3.3894724505070744     
   3.9694226177044922        3.2430282483248858     
   3.6724234460864884        2.9423560438445211     
   3.6323212899669985        3.0567122455485611     
   3.6719413923287569        3.0571090455544740     
   3.6738382284300801        3.0095112448452115     
   4.0580457194408606        3.3240832495326993     
   3.6717995122473082        3.0160500449426473     
   3.6058960240176154        2.9765434443539531     
   3.6452824362562146        2.9322780436943474     
   3.6804837117105289        2.9114532433840337     
   3.8785043926240426        3.2682212487002911     
   3.9292031532439506        3.3314638496426792     
   3.5174041429378455        2.9114406433838456     
   3.6165658994721679        2.9371016437662245     
   4.0418802200376565        3.3556654500033112     
   3.8781288691769711        3.2476652483939827     
   4.0700519158697421        3.3288710496040435     
   3.8172226938921270        3.1494400469303132     
   3.7751517132441403        3.1320192466707226     
   3.9699339172490027        3.3368738497232946     
   4.0831433536416952        3.3398656497678760     
   4.0320009834311596        3.3942242505778819     
   3.9420074009106107        3.2965946491230880     
   3.8059366369178051        3.1751892473140062     
   3.9999045603376748        3.4001902506667823     
   3.6714304119154817        3.0129942448971123     
   3.6773275783290593        2.9366460437594353     
   3.9252079017782417        3.4305762511195690     
   4.1628250995133378        3.4905382520130726     
   4.0085020954883772        3.4740106517667915     
   3.4927157923219920        2.8314996421926319     
   4.4059078092580846        3.6942078550479862     
   3.5714337663255393        2.9751686443334666     
   3.8756353312556375        3.1731424472835066     
   3.6420167750833254        3.1277106466065199     
   3.6623918033785827        2.9669538442110568     
   3.9500873522303652        3.2569062485316844     
   4.0295742442200568        3.2900244490251840     
   4.1438904574141810        3.4645244516254365     
   4.0204290878224525        3.3528422499612418     
   4.3749938353247284        3.6823584548714159     
   3.6567322536107683        3.0978068461609185     
   3.7931281900922422        3.1083062463173721     
   4.0995904162501704        3.5234328525032397     
   3.9099320714417756        3.2322940481649343     
   3.9151365823539543        3.1845036474528015     
   3.8551168212454789        3.2316506481553464     
   4.3385607417333043        3.6788346548189073     
   4.3119466469128191        3.6190106539274605     
   3.8457755547101176        3.2909170490384851     
   3.7228229162528863        2.9996900446988644     
   3.9852792944928450        3.2924146490608006     
   3.5291512045184126        2.8685946427453906     
   3.8256453266655397        3.2413986483006032     
   3.9852651792406086        3.3823128504003881     
   3.8522836215493284        3.2049068477568325     
   3.7929984529474141        3.1487422469199151     
   3.8357839834162641        3.1941778475969582     
   4.0143788577945410        3.3937474505707774     
   4.0567684755154776        3.4819802518855485     
   3.8389766597208452        3.1981232476557491     
   3.6490323801458016        3.0116172448765934     
   4.0565391582564558        3.6260544540324213     
   4.2814840486801486        3.5672524531562031     
   4.2689056039678102        3.6391024542268515     
   4.3426861660701332        3.6824430548726768     
   3.9567498080982535        3.3670130501724036     
   4.0096005821495693        3.3682438501907437     
   3.8678877597619556        3.2300336481312515     
   3.6862353010469069        3.1439530468485506     
   4.2961332615459380        3.5596984530436395     
   3.8205904243103048        3.1804380473922191     
   3.9874337778007654        3.3161880494150515     
   3.7524850999370658        3.1786620473657550     
   3.9181423408276204        3.3008012491857710     
   3.8912284081837965        3.1595696470812560     
   3.8614548156373187        3.1791002473722845     
   3.8625117758937364        3.2136536478871705     
   3.8278915727003215        3.1437080468448997     
