   23.001698000000001        8.8030999999999998E-002
   23.573937000000001        9.0132000000000004E-002
   22.960139000000002        8.8109999999999994E-002
   22.398136999999998        8.7262999999999993E-002
   24.078115000000000        9.8355999999999999E-002
   23.285240999999999        9.2877000000000001E-002
   24.353677999999999       0.10603700000000001     
   21.861412000000001        8.6437000000000000E-002
   24.510389000000000       0.10177700000000001     
   22.667126000000000        9.1911999999999994E-002
   22.273052000000000        9.1326000000000004E-002
   21.961068000000001        9.3479000000000007E-002
   22.926618999999999        8.7008000000000002E-002
   22.575126999999998        9.5948000000000006E-002
   21.256943000000000        8.6682999999999996E-002
   23.739180000000001        9.3124999999999999E-002
   23.789546000000001        9.0350000000000000E-002
   21.058468999999999        8.6241999999999999E-002
   24.460374999999999       0.11503600000000000     
   24.705850999999999       0.12538400000000000     
   24.032070000000001       0.10024200000000000     
   23.386939000000002        9.1453000000000007E-002
   24.333328000000002       0.10961799999999999     
   23.245349999999998        9.0818999999999997E-002
   24.222261000000000        9.9608000000000002E-002
   23.324299000000000        9.0071999999999999E-002
   23.431058000000000        9.2935000000000004E-002
   23.898686999999999        9.5665000000000000E-002
   21.056778999999999        8.5764999999999994E-002
   24.132026000000000        9.6641000000000005E-002
   24.246115000000000       0.10157900000000000     
   22.156621000000001        8.6082000000000006E-002
   23.699983000000000        8.9573000000000000E-002
   24.295328999999999       0.10052000000000000     
   24.617671999999999       0.11248300000000000     
   24.397767999999999        9.8365999999999995E-002
   23.273246000000000        9.0120000000000006E-002
   23.335798000000000        8.9495000000000005E-002
   24.128917000000001        9.8413000000000000E-002
   23.396414000000000        9.1211000000000000E-002
   24.343966999999999       0.10475100000000000     
   24.546175999999999        9.7273999999999999E-002
   24.677344000000002       0.11221299999999999     
   23.572554000000000        9.0087000000000000E-002
   23.985379999999999        9.4433000000000003E-002
   24.012142000000001       0.10075800000000000     
   24.244208000000000        9.6329999999999999E-002
   22.556493000000000        8.7188000000000002E-002
   24.760473000000001       0.11413100000000000     
   23.564276000000000        9.1594999999999996E-002
   23.857842000000002        9.4362000000000001E-002
   24.072652000000001        9.3186000000000005E-002
   24.337904000000002       0.11363200000000000     
   23.581302999999998        9.2366000000000004E-002
   22.462924000000001        9.5746999999999999E-002
   22.546572000000001        8.7193999999999994E-002
   22.425017000000000        8.6485000000000006E-002
   22.903257000000000        8.8233000000000006E-002
   23.329087000000001        8.9115000000000000E-002
   24.211821000000000       0.10290000000000001     
   24.226776999999998       0.10002800000000001     
   24.094211999999999       0.10348300000000001     
   23.855910999999999        9.5641000000000004E-002
   22.510166999999999        8.9791999999999997E-002
   23.386182999999999        9.0443999999999997E-002
   23.776720999999998        9.0305999999999997E-002
   23.784306000000001        9.3090999999999993E-002
   23.786477999999999        9.4147999999999996E-002
   25.039369000000001       0.13730999999999999     
   23.532382999999999        8.7987999999999997E-002
   23.559958000000002        9.0588000000000002E-002
   21.666480000000000        8.5550000000000001E-002
   22.515606999999999        8.6303000000000005E-002
   24.096171999999999        9.7111000000000003E-002
   23.241924000000001        8.7828000000000003E-002
   24.654449000000000       0.11220200000000000     
   23.488130000000002        8.9653999999999998E-002
   21.966214000000001        8.6046999999999998E-002
   23.808931999999999        9.9405999999999994E-002
   24.982707999999999       0.14188000000000001     
   24.373493000000000       0.10011100000000001     
   24.296809000000000        9.9177000000000001E-002
   24.595946999999999       0.11232700000000000     
   24.272418999999999       0.10160800000000000     
   22.137345000000000        8.5900000000000004E-002
   24.586694000000001       0.11627400000000000     
   24.233543000000001       0.10558700000000000     
   24.054929000000001        9.5935000000000006E-002
   24.015491000000001        9.5195000000000002E-002
   24.329232000000001       0.10309900000000000     
   23.336908000000001        9.1450000000000004E-002
   24.395022999999998       0.10162599999999999     
   24.588830000000002       0.12479999999999999     
   23.512839000000000        9.2194999999999999E-002
   22.726347000000001        8.8069999999999996E-002
   24.815885000000002       0.12655600000000000     
   23.921413999999999        9.4504000000000005E-002
   23.589462000000001        9.3324000000000004E-002
   24.117729000000001        9.8299999999999998E-002
   24.198308000000001       0.10118700000000000     
   24.398812000000000       0.11104700000000001     
   24.398482000000001       0.10390000000000001     
   23.830175000000001        9.6074999999999994E-002
   22.880762000000001        8.8897000000000004E-002
   22.634969000000002        8.7451000000000001E-002
   23.758953999999999        8.8445999999999997E-002
   24.773087000000000       0.12533700000000000     
   24.759723000000001       0.12127499999999999     
   24.254280999999999       0.10128800000000000     
   23.700973999999999        9.1576000000000005E-002
   23.506644999999999        9.0329000000000007E-002
   24.070744000000001        9.2238000000000001E-002
   24.361588000000001       0.10085300000000000     
   23.285140999999999        8.9708999999999997E-002
   23.278594999999999        8.9343000000000006E-002
   23.522027999999999        9.0290999999999996E-002
   24.277329000000002       0.10298599999999999     
   24.300208000000001        9.6764000000000003E-002
   24.622354999999999       0.10617300000000000     
   21.189796999999999        8.7389999999999995E-002
   24.087789000000001        9.2676999999999995E-002
   24.040030999999999        9.6723000000000003E-002
   22.868483999999999        8.8389999999999996E-002
   24.427101000000000       0.11645000000000000     
   23.604427999999999        9.2298000000000005E-002
   24.148745999999999        9.2897999999999994E-002
   21.993375000000000        8.6121000000000003E-002
   22.671050999999999        8.7735999999999995E-002
   20.758955000000000        8.5522000000000001E-002
   24.664061000000000       0.11741300000000000     
   23.499419000000000        9.4158000000000006E-002
   22.715329000000001        8.7946999999999997E-002
   24.380223999999998       0.11762599999999999     
   24.576000000000001       0.10613800000000000     
   23.396802999999998        8.9103000000000002E-002
   23.605937999999998        9.7524000000000000E-002
   24.456174000000001        9.7047999999999995E-002
   24.383942999999999       0.10493300000000000     
   23.652601000000001        9.1807000000000000E-002
   22.468950000000000        8.7692000000000006E-002
   22.907226000000001        8.8553999999999994E-002
   22.991731000000001        9.1256000000000004E-002
   23.677878000000000        9.3290999999999999E-002
   24.000973999999999        9.5665000000000000E-002
   22.684908000000000        8.6350999999999997E-002
   23.927614999999999        9.1830999999999996E-002
   22.228290999999999        8.6820999999999995E-002
   23.957522000000001        9.5463000000000006E-002
   22.387222000000001        8.8264999999999996E-002
   24.666688000000001       0.11471800000000000     
   24.426591999999999       0.11916700000000000     
   24.106956000000000        9.5560000000000006E-002
   24.811277000000000       0.11105600000000000     
   23.615300000000001        9.8759000000000000E-002
   22.938058000000002        8.7595000000000006E-002
   23.621089999999999       0.10683300000000000     
   24.223935000000001       0.10355100000000000     
   23.903234999999999        9.7210000000000005E-002
   22.948758000000002        8.8054999999999994E-002
   24.207671999999999        9.8997000000000002E-002
   23.516572000000000        9.8350000000000007E-002
   23.992197000000001        9.6706000000000000E-002
   24.393736000000001       0.10639600000000000     
   24.298577000000002       0.10393200000000000     
   23.512550999999998        9.4448000000000004E-002
   24.408439000000001       0.11134200000000000     
   23.919585999999999        9.4966999999999996E-002
   23.723680000000002        9.4949000000000006E-002
   23.691578000000000        9.3659000000000006E-002
   23.295137000000000        8.9310000000000000E-002
   22.629370000000002        8.6625999999999995E-002
   24.718789000000001       0.11233799999999999     
   24.140236000000002        9.8854999999999998E-002
   23.974975000000001        9.2707999999999999E-002
   20.852122000000001        8.5341000000000000E-002
   24.494384000000000       0.10868600000000000     
   23.898505000000000        9.1929999999999998E-002
   22.975034999999998        8.7413000000000005E-002
   23.845283999999999        9.4433000000000003E-002
   24.064257000000001        9.5777000000000001E-002
   24.031872000000000        9.4663999999999998E-002
   21.505669999999999        8.6206000000000005E-002
   23.023420999999999        8.8704000000000005E-002
   20.293205000000000        8.8414999999999994E-002
   23.102539000000000        8.8758000000000004E-002
   23.888138000000001        9.7915000000000002E-002
   23.559121999999999        8.9014999999999997E-002
   22.871803000000000        8.8730000000000003E-002
   23.613598000000000        9.1452000000000006E-002
   24.049363000000000        9.8805000000000004E-002
   24.107324999999999        9.4894000000000006E-002
   22.212225000000000        8.6475999999999997E-002
   24.081976999999998        9.5850000000000005E-002
   23.733170999999999        9.4016000000000002E-002
   23.975847000000002        9.6032999999999993E-002
   22.144613000000000        8.6767999999999998E-002
   22.801779000000000        8.6961999999999998E-002
   24.432759999999998       0.10192100000000000     
   24.608412999999999       0.10159200000000000     
   23.829442000000000        9.2267000000000002E-002
   23.712643000000000        9.0792999999999999E-002
   23.294733000000001        9.0128000000000000E-002
   24.235443000000000        9.8164000000000001E-002
   22.587347000000001        8.7548000000000001E-002
   24.189243999999999       0.10053900000000000     
   22.438189000000001        8.6224999999999996E-002
   24.465540000000001       0.10515800000000000     
   24.190850999999999       0.10390300000000000     
   23.276558999999999        8.9131000000000002E-002
   23.313085999999998        8.9870000000000005E-002
   23.454678000000001        9.4729999999999995E-002
   24.775178000000000       0.13038500000000000     
   24.189188000000001       0.10467700000000001     
   23.411246999999999        9.1856999999999994E-002
   19.752286000000002        8.5712999999999998E-002
   24.283047000000000       0.11202400000000000     
   22.994747000000000        9.1593999999999995E-002
   23.946563000000001        9.9418999999999993E-002
   24.054687999999999       0.11526100000000000     
   22.663817999999999        8.7090000000000001E-002
   23.896775000000002        9.4974000000000003E-002
   22.151637999999998        8.5708999999999994E-002
   22.602741999999999        8.6483000000000004E-002
   22.873754999999999        8.8501999999999997E-002
   24.378430999999999        9.5502000000000004E-002
   24.707870000000000       0.13201299999999999     
   23.456685000000000        9.0075000000000002E-002
   21.711856000000001        8.5550000000000001E-002
   23.914145000000001        9.8773000000000000E-002
   21.864224000000000        8.6012000000000005E-002
   23.906693000000001       0.10121800000000000     
   23.730103000000000       0.10156500000000000     
   23.219524000000000        8.9299000000000003E-002
   23.905124000000001        9.6543000000000004E-002
   24.196452000000001       0.11057500000000001     
   24.529084999999998       0.11585500000000000     
   22.524456000000001        8.6943999999999994E-002
   22.557433000000000        8.6546999999999999E-002
   21.442454000000001        8.6081000000000005E-002
   25.691230999999998       0.12805500000000000     
   24.965297000000000       0.11883600000000000     
   24.362708999999999       0.11275399999999999     
   25.147113000000001       0.12168600000000000     
   26.046776000000001       0.12855800000000001     
   24.886143000000001       0.11803300000000000     
   25.020074999999999       0.11874400000000000     
   18.347944999999999       0.11297500000000001     
   20.336945000000000       0.11593100000000001     
   19.156987999999998       0.11422100000000000     
   17.531728000000001       0.11486000000000000     
   19.114132999999999       0.11224600000000000     
   21.537918999999999       0.12482000000000000     
   22.200281000000000       0.13812099999999999     
   20.283420000000000       0.11373700000000000     
   19.115082000000001       0.11251000000000000     
   21.218177000000001       0.12043500000000000     
   19.149702000000001       0.11776600000000000     
   19.386270000000000       0.11512500000000001     
   20.412042000000000       0.11845500000000000     
   20.174019999999999       0.11671600000000000     
   20.781976000000000       0.11485300000000000     
   20.134725000000000       0.11204300000000000     
   20.209823000000000       0.11346299999999999     
   21.365494999999999       0.12601399999999999     
   21.098958000000000       0.11878900000000001     
   21.588073999999999       0.14590000000000000     
   19.019822000000001       0.11210900000000000     
   20.351421999999999       0.11891800000000000     
   19.897068000000001       0.11676499999999999     
   20.061964000000000       0.11707400000000000     
   18.915623000000000       0.11181400000000000     
   20.793050999999998       0.11560500000000000     
   21.306744999999999       0.12587000000000001     
   21.151866999999999       0.11533800000000000     
   19.890210000000000       0.15761300000000000     
   21.236545000000000       0.11680000000000000     
   19.206140999999999       0.11332200000000001     
   19.578968000000000       0.11217100000000001     
   20.674320000000002       0.11834200000000000     
   20.348239000000000       0.11618299999999999     
   21.093432000000000       0.12209700000000000     
   21.535409999999999       0.11963799999999999     
   19.373517000000000       0.11159800000000000     
   22.299562000000002       0.13187299999999999     
   20.662469000000002       0.11371800000000000     
   21.151747000000000       0.12049300000000000     
   20.849844999999998       0.11520600000000000     
   20.298024999999999       0.11301200000000000     
   20.328306999999999       0.12087900000000000     
   21.864970000000000       0.13122100000000000     
   21.801057000000000       0.12242200000000000     
   21.461511999999999       0.11778900000000000     
   21.068079999999998       0.11584600000000000     
   21.381850000000000       0.11778500000000000     
   20.762042000000001       0.11438600000000000     
   21.936242000000000       0.11987200000000001     
   20.967243000000000       0.11658100000000000     
   19.052211000000000       0.11196000000000000     
   20.855502000000001       0.11551400000000001     
   19.972155000000001       0.11228299999999999     
   21.262819000000000       0.11884500000000001     
   19.837993999999998       0.11176600000000000     
   21.644732000000001       0.13405400000000001     
   21.075270000000000       0.11456600000000000     
   20.319989000000000       0.11336300000000001     
   22.190460999999999       0.13653599999999999     
   21.433042000000000       0.12049400000000000     
   20.466614000000000       0.11443900000000000     
   20.147341000000001       0.11239300000000001     
   20.480730999999999       0.11447000000000000     
   20.912345999999999       0.11424500000000000     
   21.349608000000000       0.12190100000000000     
   17.546294000000000       0.11370500000000000     
   20.228836999999999       0.11276300000000000     
   21.261082999999999       0.11738899999999999     
   17.780075000000000       0.12239800000000001     
   21.246133000000000       0.11660700000000000     
   22.210028000000001       0.13146600000000000     
   20.452266999999999       0.11249099999999999     
   19.708683000000001       0.11222600000000001     
   20.152609999999999       0.11290600000000001     
   21.823069000000000       0.12405200000000000     
   21.384595999999998       0.12369200000000000     
   21.706686999999999       0.11938600000000001     
   19.370566000000000       0.11228500000000000     
   20.941811999999999       0.11587200000000000     
   19.436662999999999       0.11182400000000001     
   20.178782000000002       0.11255999999999999     
   20.867304000000001       0.11522499999999999     
   21.845815999999999       0.13106799999999999     
   20.684448000000000       0.11400800000000000     
   19.761455999999999       0.11171800000000000     
   21.203185000000001       0.11749100000000000     
   19.659001000000000       0.11186000000000000     
   21.801005000000000       0.11747900000000000     
   20.730053000000002       0.11443700000000000     
   21.733825000000000       0.12726399999999999     
   21.056951000000002       0.11481200000000000     
   20.948974000000000       0.11506400000000000     
   21.024294999999999       0.11527000000000000     
   20.461573000000001       0.11319600000000000     
   20.791872999999999       0.11423999999999999     
   21.161072999999998       0.11421000000000001     
   20.665732999999999       0.11412799999999999     
   21.520886000000001       0.11989100000000000     
   21.436954000000000       0.11815600000000000     
   20.504591999999999       0.11344600000000001     
   21.860479000000002       0.12279000000000000     
   20.641715000000001       0.11292700000000000     
   19.907795000000000       0.11198300000000000     
   20.943822000000001       0.11493500000000000     
   21.586693000000000       0.11822000000000001     
   20.192003000000000       0.11216700000000000     
   20.549280000000000       0.11431400000000000     
   21.980927999999999       0.12548000000000001     
   20.359332999999999       0.11331900000000000     
   21.326554999999999       0.12018100000000000     
   20.592027000000002       0.11569900000000000     
   21.852696000000002       0.13135300000000000     
   19.607858000000000       0.11179799999999999     
   20.736464000000002       0.11387300000000000     
   21.439311000000000       0.11753000000000000     
   21.032398000000001       0.12216299999999999     
   21.017686999999999       0.11770100000000000     
   22.059517000000000       0.12798200000000001     
   22.421907999999998       0.13510300000000000     
   21.846723999999998       0.12155500000000000     
   20.272732999999999       0.11420600000000000     
   21.005963000000001       0.11600500000000000     
   20.556408000000001       0.11700900000000000     
   20.889914000000001       0.11616100000000000     
   20.774797000000000       0.11455100000000000     
   19.617670000000000       0.11247799999999999     
   20.758955000000000       0.11499400000000000     
   20.104431999999999       0.11319100000000000     
   21.533317000000000       0.12718399999999999     
   20.257200999999998       0.11238800000000000     
   21.862024999999999       0.13261800000000001     
   20.704274999999999       0.11308400000000000     
   21.065010999999998       0.11769100000000000     
   21.020949999999999       0.12046200000000000     
   19.970319000000000       0.11244800000000001     
   20.146077999999999       0.11272500000000001     
   19.773444000000001       0.11271600000000000     
   20.403921000000000       0.11384200000000000     
   22.130925999999999       0.13746400000000000     
   21.127942999999998       0.11573100000000000     
   22.136489999999998       0.13702400000000001     
   20.039870000000001       0.11307900000000000     
   20.740998000000001       0.11436700000000000     
   20.473839999999999       0.11439100000000001     
   21.130072999999999       0.11681300000000000     
   20.845773999999999       0.11543299999999999     
   20.859756999999998       0.11666100000000000     
   20.739132000000001       0.11546500000000000     
   20.466522000000001       0.11457299999999999     
   19.173325999999999       0.11346000000000001     
   19.719269000000001       0.11309300000000000     
   20.519881999999999       0.12426400000000000     
   20.764061999999999       0.13846500000000000     
   20.598590000000002       0.11514700000000000     
   19.937950000000001       0.14539299999999999     
   19.240437000000000       0.11385400000000000     
   19.983006000000000       0.11946100000000000     
   20.579248000000000       0.11761600000000000     
   20.428083000000001       0.11457600000000000     
   20.557070000000000       0.11501200000000000     
   20.863174000000001       0.11891100000000000     
   18.172291000000001       0.15796800000000000     
   19.970376000000002       0.17150000000000001     
   18.818895999999999       0.12418700000000001     
   20.397033000000000       0.16350000000000001     
   19.653248000000001       0.14705699999999999     
   20.680620999999999       0.11589800000000000     
   21.318432999999999       0.11975500000000000     
   19.554935000000000       0.11228399999999999     
   20.780025999999999       0.11543800000000000     
   20.709520999999999       0.11512400000000000     
   21.091965999999999       0.11620600000000000     
   20.045510000000000       0.11194900000000001     
   21.302565999999999       0.11712000000000000     
   20.060752999999998       0.11923499999999999     
   20.059418999999998       0.11367300000000000     
   17.862299000000000       0.11458500000000001     
   17.320513999999999       0.11539600000000000     
   21.739046999999999       0.13666500000000001     
   21.182310000000001       0.13146500000000000     
   21.478247000000000       0.12273900000000000     
   20.490040000000000       0.11424900000000000     
   20.410888000000000       0.11313600000000000     
   21.022641000000000       0.11615200000000001     
   18.984126000000000       0.11277200000000000     
   20.859375000000000       0.11625199999999999     
   20.083504000000001       0.11300200000000001     
   20.385860999999998       0.11830800000000000     
   21.893176000000000       0.13860400000000000     
   19.176568000000000       0.11373999999999999     
   20.541778000000001       0.12719400000000000     
   20.240998999999999       0.11527400000000000     
   21.278008000000000       0.12086900000000000     
   19.337775000000001       0.11174300000000000     
   19.866161999999999       0.11384100000000000     
   21.322503000000001       0.12081699999999999     
   21.093298999999998       0.11511200000000001     
   21.278193000000002       0.11733600000000000     
   20.753568999999999       0.11438900000000000     
   20.091363999999999       0.11386499999999999     
   20.912797000000001       0.11350900000000000     
   19.674590999999999       0.11195300000000000     
   22.008299999999998       0.12816000000000000     
   19.405851999999999       0.11200900000000000     
   19.224685000000001       0.11168200000000000     
   22.096499000000001       0.14884800000000001     
   20.174029000000001       0.11193100000000000     
   21.077159000000002       0.11433400000000001     
   20.998833000000001       0.11868900000000000     
   21.201846000000000       0.11456800000000000     
   20.425402999999999       0.11261699999999999     
   20.591414000000000       0.11313900000000000     
   19.747603000000002       0.11248500000000000     
   19.509318000000000       0.11183000000000000     
   19.700776000000001       0.11189499999999999     
   21.240608000000002       0.11787599999999999     
   20.966723999999999       0.11476200000000000     
   21.597166999999999       0.11812800000000000     
   20.719101999999999       0.11511700000000000     
   21.206503000000001       0.11611100000000001     
   21.084987999999999       0.11934000000000000     
   20.841930999999999       0.11484800000000001     
   21.355269000000000       0.12030299999999999     
   21.770897000000001       0.12515699999999999     
   20.773682000000001       0.11448999999999999     
   21.594277000000002       0.11919500000000000     
   20.367563000000001       0.11376000000000000     
   18.228158000000001       0.11238900000000000     
   20.518238000000000       0.11438600000000000     
   21.465617000000002       0.12172600000000000     
   21.280787000000000       0.11954300000000000     
   20.292843000000001       0.11315200000000000     
   21.438720000000000       0.11893800000000000     
   20.209016999999999       0.11361700000000000     
   21.643219999999999       0.12893099999999999     
   19.946007999999999       0.11246200000000001     
   21.541948999999999       0.12121999999999999     
   22.400725999999999       0.14087500000000000     
   20.243770000000001       0.11344200000000000     
   21.831913000000000       0.12663099999999999     
   20.711317999999999       0.11608100000000000     
   21.593672000000002       0.12171400000000000     
   21.991848000000001       0.13480600000000001     
   20.268802999999998       0.11342800000000000     
   22.241585000000001       0.13420899999999999     
   21.507746999999998       0.12416800000000000     
   18.477717999999999       0.11189900000000000     
   20.820146999999999       0.11489900000000000     
   19.800673000000000       0.11218900000000000     
   19.195923000000001       0.11167100000000001     
   18.010876000000000       0.11289299999999999     
   20.509960000000000       0.11304100000000000     
   21.379199000000000       0.11954099999999999     
   21.145906000000000       0.12290700000000000     
   21.379054000000000       0.11817400000000000     
   21.246461000000000       0.11836600000000000     
   20.906870000000001       0.11700199999999999     
   19.260480000000001       0.11241600000000000     
   20.554137000000001       0.11386499999999999     
   20.934674999999999       0.11340300000000000     
   22.047888000000000       0.13529900000000000     
   21.412379999999999       0.11806400000000000     
   21.289082000000001       0.11886099999999999     
   20.772594999999999       0.11463000000000000     
   21.301262000000001       0.12280199999999999     
   21.510915000000001       0.11747000000000000     
   21.668758000000000       0.12586600000000001     
   19.681122999999999       0.11203500000000000     
   21.267444000000001       0.11624000000000000     
   21.110631999999999       0.11761000000000001     
   20.750876000000002       0.11442900000000000     
   19.953688000000000       0.11306800000000000     
   20.622004000000000       0.11445400000000000     
   20.612991999999998       0.11434500000000000     
   19.481026000000000       0.11260700000000000     
   21.111733999999998       0.11849200000000000     
   20.274432000000001       0.11352200000000000     
   21.340911999999999       0.11655699999999999     
   18.639465000000001       0.11272500000000001     
   21.000868000000001       0.11565000000000000     
   19.591919000000001       0.11240200000000000     
   21.379308999999999       0.12448900000000000     
   20.358304000000000       0.11430700000000001     
   18.825521999999999       0.11290699999999999     
   19.741298000000000       0.11378000000000001     
   21.604938000000001       0.11978000000000000     
   19.555088999999999       0.12976599999999999     
   20.476939000000002       0.12197200000000000     
   19.928782999999999       0.11375600000000000     
   20.982429000000000       0.11684000000000000     
   19.597186000000001       0.11194400000000000     
   21.774529000000001       0.12454700000000000     
   20.567619000000001       0.11357200000000001     
   21.149878000000001       0.11594500000000001     
   20.644093000000002       0.11421700000000000     
   21.773378000000001       0.12977700000000000     
   19.784621000000001       0.11251800000000001     
   19.815353999999999       0.11207200000000000     
   20.253587000000000       0.11404499999999999     
   21.563137999999999       0.12409500000000000     
   19.970953999999999       0.11963200000000000     
   21.371914000000000       0.11796200000000000     
   20.042918000000000       0.11349500000000000     
   20.242601000000001       0.11283100000000000     
   20.259822000000000       0.11305999999999999     
   21.547293000000000       0.11816400000000001     
   20.351465000000001       0.11309500000000000     
   20.797564999999999       0.11527500000000000     
   20.952988999999999       0.11619500000000001     
   20.806588000000001       0.11597900000000000     
   18.765187000000001       0.11193200000000000     
   18.039954000000002       0.11235700000000000     
   21.898887999999999       0.12828300000000001     
   21.521059000000001       0.11954800000000000     
   21.962505000000000       0.12567999999999999     
   22.096095999999999       0.13291000000000000     
   22.092013000000001       0.13621200000000000     
   20.359590000000001       0.11321700000000000     
   21.702057000000000       0.12884100000000001     
   19.462745000000002       0.11194900000000001     
   21.161023000000000       0.11454400000000001     
   19.648786999999999       0.11197600000000001     
   19.866724999999999       0.11165500000000000     
   20.910170000000001       0.11713899999999999     
   21.337855000000001       0.11579100000000001     
   21.405598999999999       0.11582400000000000     
   20.117059999999999       0.11213700000000000     
   21.575751000000000       0.12048300000000001     
   21.447890999999998       0.11815500000000000     
   20.479365999999999       0.11488900000000001     
   18.639628999999999       0.11261200000000000     
   21.525113000000001       0.11710600000000000     
   21.522328999999999       0.12411800000000001     
   21.678523999999999       0.11868500000000000     
   21.551470999999999       0.11948000000000000     
   21.783514000000000       0.11919600000000000     
   20.949871000000002       0.11359300000000000     
   20.925674999999998       0.11462899999999999     
   19.608770000000000       0.11179500000000001     
   20.273166000000000       0.11220800000000000     
   17.716443000000002       0.11286700000000000     
   21.594836999999998       0.11830499999999999     
   21.797035000000001       0.12235799999999999     
   20.954698000000000       0.12072900000000000     
   21.644769000000000       0.11903000000000000     
   20.830919999999999       0.11406900000000000     
   20.567027000000000       0.11349700000000000     
   22.054900000000000       0.11897300000000000     
   19.474150000000002       0.11209600000000000     
   18.716573000000000       0.12842300000000001     
   20.782139000000001       0.11780800000000000     
   19.808547999999998       0.11873100000000000     
   20.885349999999999       0.11426200000000000     
   21.537604999999999       0.11724600000000000     
   21.098935999999998       0.11634799999999999     
   20.632628000000000       0.11424900000000000     
   18.939485999999999       0.12215600000000000     
   21.922588999999999       0.11853900000000001     
   21.203520000000001       0.11565800000000000     
   21.619985000000000       0.11989100000000000     
   21.108509000000002       0.11756400000000000     
   20.819745000000001       0.12144300000000000     
   19.419454000000002       0.11302200000000000     
   19.969518999999998       0.11461600000000000     
   21.349050999999999       0.12679599999999999     
   21.432154000000001       0.13011900000000001     
   21.069215000000000       0.12462200000000000     
   25.735598000000000       0.12861400000000001     
   24.481915000000001       0.11991599999999999     
   17.762488999999999       0.13944599999999999     
   16.239518000000000       0.14316899999999999     
   18.465664000000000       0.14194699999999999     
   16.317246000000001       0.14827599999999999     
   14.476032000000000       0.15664300000000000     
   15.116795000000000       0.14682999999999999     
   16.754961000000002       0.14465000000000000     
   17.625150000000001       0.14101600000000000     
   17.347518000000001       0.14275599999999999     
   15.783958000000000       0.14908700000000000     
   18.314101000000001       0.13858400000000001     
   18.292783000000000       0.14129300000000000     
   16.067616000000001       0.14408299999999999     
   17.841201000000002       0.14016700000000001     
   18.445046000000001       0.14637900000000001     
   16.695978000000000       0.14554700000000001     
   17.645060999999998       0.13957500000000000     
   16.311743000000000       0.14531900000000000     
   14.780118999999999       0.15475100000000000     
   17.075748999999998       0.13907900000000001     
   16.021035000000001       0.14921300000000001     
   16.664677000000001       0.14100699999999999     
   15.351431000000000       0.15325800000000001     
   16.647114999999999       0.14261699999999999     
   16.849730999999998       0.14169999999999999     
   14.449313999999999       0.17308999999999999     
   15.128363000000000       0.15640000000000001     
   16.076604000000000       0.14317099999999999     
   17.557966000000000       0.14068500000000000     
   14.836398000000001       0.15061099999999999     
   15.122099000000000       0.15070200000000000     
   14.726182000000000       0.15327600000000000     
   14.148421000000001       0.17456600000000000     
   17.892389000000001       0.14391899999999999     
   16.773852999999999       0.13990100000000000     
   18.420978000000002       0.13830700000000001     
   16.789918000000000       0.14068600000000001     
   14.843842000000000       0.15709899999999999     
   14.381710999999999       0.15839300000000001     
   16.034918999999999       0.14299899999999999     
   15.581359000000001       0.14431700000000000     
   17.077342000000002       0.14095600000000000     
   16.554283999999999       0.14430899999999999     
   15.364414999999999       0.15012200000000001     
   16.947361999999998       0.14211900000000000     
   16.215140999999999       0.14217500000000000     
   14.711779999999999       0.15337400000000001     
   15.283561000000001       0.15718599999999999     
   15.285545000000001       0.15374199999999999     
   15.047556000000000       0.15341700000000000     
   16.620415999999999       0.13929600000000000     
   15.080249999999999       0.15416800000000000     
   14.882717000000000       0.15862399999999999     
   14.661390000000001       0.15533300000000000     
   14.557266000000000       0.15274199999999999     
   16.341106000000000       0.14752299999999999     
   16.657319000000001       0.14184600000000000     
   14.557202999999999       0.16902100000000000     
   14.685508000000000       0.15777400000000000     
   16.778327000000001       0.14225800000000000     
   16.238326000000001       0.14517600000000000     
   16.644355000000001       0.13895199999999999     
   15.747199999999999       0.14540500000000001     
   15.660095999999999       0.14745900000000001     
   16.684369000000000       0.14093900000000001     
   16.699328000000001       0.13898400000000000     
   16.971121000000000       0.14012600000000000     
   16.482973000000001       0.14269000000000001     
   15.875946000000001       0.14558699999999999     
   17.000951000000001       0.14043000000000000     
   15.064971000000000       0.15351500000000001     
   14.683230000000000       0.15190500000000001     
   17.152881000000001       0.14092800000000000     
   17.452691000000002       0.13727100000000000     
   17.370052999999999       0.14311099999999999     
   14.157498000000000       0.17359300000000000     
   18.471039000000001       0.13625300000000001     
   14.875843000000000       0.16145000000000001     
   15.865712000000000       0.14233399999999999     
   15.638553000000000       0.15478400000000000     
   14.834769000000000       0.15375800000000001     
   16.284531000000001       0.14105899999999999     
   16.450122000000000       0.14159600000000000     
   17.322621999999999       0.11137300000000000     
   16.764211000000000       0.13896900000000001     
   18.411791999999998       0.11007400000000001     
   15.489034000000000       0.15354799999999999     
   15.541531000000001       0.14539299999999999     
   17.617163999999999       0.13901400000000000     
   16.161470000000001       0.14209900000000000     
   15.922518000000000       0.14119499999999999     
   16.158252999999998       0.14369499999999999     
   18.394172999999999       0.14515700000000001     
   18.095053000000000       0.13991200000000001     
   16.454585000000002       0.14507600000000001     
   14.998450000000000       0.14893600000000001     
   16.462073000000000       0.14034600000000000     
   14.342973000000001       0.16653299999999999     
   16.206993000000001       0.14502399999999999     
   16.911563999999998       0.14027200000000001     
   16.024533999999999       0.14402499999999999     
   15.743710999999999       0.14772700000000000     
   15.970889000000000       0.14599400000000001     
   16.968737000000001       0.13980899999999999     
   17.409901000000001       0.14172199999999999     
   15.990615999999999       0.14518400000000001     
   15.058085999999999       0.15500800000000001     
   18.130272000000001       0.11402100000000000     
   17.836262000000001       0.11093000000000000     
   18.195512000000001       0.11108600000000000     
   18.412215000000000       0.11140899999999999     
   16.835065000000000       0.14200499999999999     
   16.841218999999999       0.13988500000000001     
   16.150168000000001       0.14338000000000001     
   15.719765000000001       0.15317100000000000     
   17.798492000000000       0.14021200000000000     
   15.902189999999999       0.14633099999999999     
   16.580939999999998       0.14121000000000000     
   15.893310000000000       0.14928200000000000     
   16.504006000000000       0.14168500000000001     
   15.797848000000000       0.14342900000000000     
   15.895500999999999       0.14431500000000000     
   16.068268000000000       0.14435000000000001     
   15.718540000000001       0.14468500000000001     
