  0.50308399999999998        0.0000000000000000     
  0.58072400000000002        0.0000000000000000     
  0.49479499999999998        0.0000000000000000     
  0.34592800000000001        0.0000000000000000     
  0.67766199999999999        0.0000000000000000     
  0.61071200000000003        0.0000000000000000     
  0.86649399999999999        0.0000000000000000     
  0.33093200000000000        0.0000000000000000     
  0.79856600000000000        0.0000000000000000     
  0.44956200000000002        0.0000000000000000     
  0.37144300000000002        0.0000000000000000     
  0.29171799999999998        0.0000000000000000     
  0.35582000000000003        0.0000000000000000     
  0.46127400000000002        0.0000000000000000     
  0.28360999999999997        0.0000000000000000     
  0.63223399999999996        0.0000000000000000     
  0.46641400000000000        0.0000000000000000     
  0.26862399999999997        0.0000000000000000     
  0.94689000000000001        0.0000000000000000     
  0.92491699999999999        0.0000000000000000     
  0.69316500000000003        0.0000000000000000     
  0.62523300000000004        0.0000000000000000     
  0.89694399999999996        0.0000000000000000     
  0.60826100000000005        0.0000000000000000     
  0.78905400000000003        0.0000000000000000     
  0.57829200000000003        0.0000000000000000     
  0.59028000000000003        0.0000000000000000     
  0.71962599999999999        0.0000000000000000     
  0.21003200000000000        0.0000000000000000     
  0.76658999999999999        0.0000000000000000     
  0.85851299999999997        0.0000000000000000     
  0.36790400000000001        0.0000000000000000     
  0.55874599999999996        0.0000000000000000     
  0.84850899999999996        0.0000000000000000     
  0.99639000000000000        0.0000000000000000     
  0.77659400000000001        0.0000000000000000     
  0.58293200000000001        0.0000000000000000     
  0.58374300000000001        0.0000000000000000     
  0.79655200000000004        0.0000000000000000     
  0.58872100000000005        0.0000000000000000     
  0.91347299999999998        0.0000000000000000     
  0.76858700000000002        0.0000000000000000     
  0.94845500000000005        0.0000000000000000     
  0.51379300000000006        0.0000000000000000     
  0.73360899999999996        0.0000000000000000     
  0.63770099999999996        0.0000000000000000     
  0.76558800000000005        0.0000000000000000     
  0.43486100000000000        0.0000000000000000     
  0.98340700000000003        0.0000000000000000     
  0.58374300000000001        0.0000000000000000     
  0.70063100000000000        0.0000000000000000     
  0.66205800000000004        0.0000000000000000     
  0.83812600000000004        0.0000000000000000     
  0.62187400000000004        0.0000000000000000     
  0.37058600000000003        0.0000000000000000     
  0.41663200000000000        0.0000000000000000     
  0.35857000000000000        0.0000000000000000     
  0.45168100000000000        0.0000000000000000     
  0.52276199999999995        0.0000000000000000     
  0.73399599999999998        0.0000000000000000     
  0.70196499999999995        0.0000000000000000     
  0.74200800000000000        0.0000000000000000     
  0.74611799999999995        0.0000000000000000     
  0.34955999999999998        0.0000000000000000     
  0.59183500000000000        0.0000000000000000     
  0.51474600000000004        0.0000000000000000     
  0.62063199999999996        0.0000000000000000     
  0.64364600000000005        0.0000000000000000     
   1.0027950000000001        0.0000000000000000     
  0.47058600000000000        0.0000000000000000     
  0.61064300000000005        0.0000000000000000     
  0.26348700000000003        0.0000000000000000     
  0.35833599999999999        0.0000000000000000     
  0.74269700000000005        0.0000000000000000     
  0.45155600000000001        0.0000000000000000     
  0.91075200000000001        0.0000000000000000     
  0.55260500000000001        0.0000000000000000     
  0.33753400000000000        0.0000000000000000     
  0.75068100000000004        0.0000000000000000     
  0.98377700000000001        0.0000000000000000     
  0.82269700000000001        0.0000000000000000     
  0.81369599999999997        0.0000000000000000     
  0.95076300000000002        0.0000000000000000     
  0.81773200000000001        0.0000000000000000     
  0.34051999999999999        0.0000000000000000     
  0.96075100000000002        0.0000000000000000     
  0.81072000000000000        0.0000000000000000     
  0.75668700000000000        0.0000000000000000     
  0.61125200000000002        0.0000000000000000     
  0.87797099999999995        0.0000000000000000     
  0.54832499999999995        0.0000000000000000     
  0.80903199999999997        0.0000000000000000     
   1.0287999999999999        0.0000000000000000     
  0.62723899999999999        0.0000000000000000     
  0.42245199999999999        0.0000000000000000     
  0.93389999999999995        0.0000000000000000     
  0.70115799999999995        0.0000000000000000     
  0.69716400000000001        0.0000000000000000     
  0.68517899999999998        0.0000000000000000     
  0.76707499999999995        0.0000000000000000     
  0.93190099999999998        0.0000000000000000     
  0.86397800000000002        0.0000000000000000     
  0.74909999999999999        0.0000000000000000     
  0.51435299999999995        0.0000000000000000     
  0.46840599999999999        0.0000000000000000     
  0.47039799999999998        0.0000000000000000     
  0.95887100000000003        0.0000000000000000     
  0.92790899999999998        0.0000000000000000     
  0.84052199999999999        0.0000000000000000     
  0.63069900000000001        0.0000000000000000     
  0.56275100000000000        0.0000000000000000     
  0.61569799999999997        0.0000000000000000     
  0.82852800000000004        0.0000000000000000     
  0.56474100000000005        0.0000000000000000     
  0.57874499999999995        0.0000000000000000     
  0.55774299999999999        0.0000000000000000     
  0.86449699999999996        0.0000000000000000     
  0.73560800000000004        0.0000000000000000     
  0.85850700000000002        0.0000000000000000     
  0.26198399999999999        0.0000000000000000     
  0.58574300000000001        0.0000000000000000     
  0.76158000000000003        0.0000000000000000     
  0.48880000000000001        0.0000000000000000     
  0.85851599999999995        0.0000000000000000     
  0.68865600000000005        0.0000000000000000     
  0.55874299999999999        0.0000000000000000     
  0.32453199999999999        0.0000000000000000     
  0.48070400000000002        0.0000000000000000     
  0.18537100000000001        0.0000000000000000     
  0.92222099999999996        0.0000000000000000     
  0.68194200000000005        0.0000000000000000     
  0.47570699999999999        0.0000000000000000     
  0.92220999999999997        0.0000000000000000     
  0.89318299999999995        0.0000000000000000     
  0.42864600000000003        0.0000000000000000     
  0.63188200000000005        0.0000000000000000     
  0.69996000000000003        0.0000000000000000     
  0.73600699999999997        0.0000000000000000     
  0.57582299999999997        0.0000000000000000     
  0.41863299999999998        0.0000000000000000     
  0.51174600000000003        0.0000000000000000     
  0.53577100000000000        0.0000000000000000     
  0.64189300000000005        0.0000000000000000     
  0.73499599999999998        0.0000000000000000     
  0.35155999999999998        0.0000000000000000     
  0.60985999999999996        0.0000000000000000     
  0.34955700000000001        0.0000000000000000     
  0.70196899999999995        0.0000000000000000     
  0.35526099999999999        0.0000000000000000     
  0.98328000000000004        0.0000000000000000     
  0.87215200000000004        0.0000000000000000     
  0.75902999999999998        0.0000000000000000     
  0.92622000000000004        0.0000000000000000     
  0.64364200000000005        0.0000000000000000     
  0.41956900000000003        0.0000000000000000     
  0.51558700000000002        0.0000000000000000     
  0.89072899999999999        0.0000000000000000     
  0.80569599999999997        0.0000000000000000     
  0.48056800000000000        0.0000000000000000     
  0.80069699999999999        0.0000000000000000     
  0.58060400000000001        0.0000000000000000     
  0.71565199999999995        0.0000000000000000     
  0.80569500000000005        0.0000000000000000     
  0.76668400000000003        0.0000000000000000     
  0.66463799999999995        0.0000000000000000     
  0.90173599999999998        0.0000000000000000     
  0.74566500000000002        0.0000000000000000     
  0.71867999999999999        0.0000000000000000     
  0.73668999999999996        0.0000000000000000     
  0.57960000000000000        0.0000000000000000     
  0.37053100000000000        0.0000000000000000     
  0.96074000000000004        0.0000000000000000     
  0.85072899999999996        0.0000000000000000     
  0.64863999999999999        0.0000000000000000     
  0.21946199999999999        0.0000000000000000     
  0.93675500000000000        0.0000000000000000     
  0.64763899999999996        0.0000000000000000     
  0.46156399999999997        0.0000000000000000     
  0.60060300000000000        0.0000000000000000     
  0.67065399999999997        0.0000000000000000     
  0.76069799999999999        0.0000000000000000     
  0.24649199999999999        0.0000000000000000     
  0.47057300000000002        0.0000000000000000     
  0.16945499999999999        0.0000000000000000     
  0.49737900000000002        0.0000000000000000     
  0.63823399999999997        0.0000000000000000     
  0.50737100000000002        0.0000000000000000     
  0.53532700000000000        0.0000000000000000     
  0.58728499999999995        0.0000000000000000     
  0.77308100000000002        0.0000000000000000     
  0.69916599999999995        0.0000000000000000     
  0.37051099999999998        0.0000000000000000     
  0.76108900000000002        0.0000000000000000     
  0.69916900000000004        0.0000000000000000     
  0.78805999999999998        0.0000000000000000     
  0.37351299999999998        0.0000000000000000     
  0.40547800000000001        0.0000000000000000     
  0.85299400000000003        0.0000000000000000     
  0.80804799999999999        0.0000000000000000     
  0.60327200000000003        0.0000000000000000     
  0.58328999999999998        0.0000000000000000     
  0.53433500000000000        0.0000000000000000     
  0.72014000000000000        0.0000000000000000     
  0.40048499999999998        0.0000000000000000     
  0.83700399999999997        0.0000000000000000     
  0.37150800000000000        0.0000000000000000     
  0.80604100000000001        0.0000000000000000     
  0.84000500000000000        0.0000000000000000     
  0.50072799999999995        0.0000000000000000     
  0.53276500000000004        0.0000000000000000     
  0.53376599999999996        0.0000000000000000     
  0.93222899999999997        0.0000000000000000     
  0.82210300000000003        0.0000000000000000     
  0.55379699999999998        0.0000000000000000     
  0.12529799999999999        0.0000000000000000     
  0.84212299999999995        0.0000000000000000     
  0.44366800000000001        0.0000000000000000     
  0.72767499999999996        0.0000000000000000     
  0.68365900000000002        0.0000000000000000     
  0.44254800000000000        0.0000000000000000     
  0.72667899999999996        0.0000000000000000     
  0.28250999999999998        0.0000000000000000     
  0.40454899999999999        0.0000000000000000     
  0.51961100000000005        0.0000000000000000     
  0.69065200000000004        0.0000000000000000     
   1.0608010000000001        0.0000000000000000     
  0.57661200000000001        0.0000000000000000     
  0.26848899999999998        0.0000000000000000     
  0.72067999999999999        0.0000000000000000     
  0.25049800000000000        0.0000000000000000     
  0.76069100000000001        0.0000000000000000     
  0.69816699999999998        0.0000000000000000     
  0.55031500000000000        0.0000000000000000     
  0.73012800000000000        0.0000000000000000     
  0.84798499999999999        0.0000000000000000     
  0.99782599999999999        0.0000000000000000     
  0.43544600000000000        0.0000000000000000     
  0.40947000000000000        0.0000000000000000     
  0.30159000000000002        0.0000000000000000     
   1.2991060000000001        0.0000000000000000     
   1.0208070000000000        0.0000000000000000     
  0.83973399999999998        0.0000000000000000     
   1.1208499999999999        0.0000000000000000     
   1.2308920000000001        0.0000000000000000     
  0.97423000000000004        0.0000000000000000     
  0.97078200000000003        0.0000000000000000     
   6.4228999999999994E-002   0.0000000000000000     
  0.12903000000000001        0.0000000000000000     
  0.10289000000000000        0.0000000000000000     
   4.4130000000000003E-002   0.0000000000000000     
  0.11304000000000000        0.0000000000000000     
  0.25611000000000000        0.0000000000000000     
  0.38025999999999999        0.0000000000000000     
  0.14546999999999999        0.0000000000000000     
   8.8889999999999997E-002   0.0000000000000000     
  0.26058999999999999        0.0000000000000000     
   7.8909999999999994E-002   0.0000000000000000     
   8.3040000000000003E-002   0.0000000000000000     
  0.16564999999999999        0.0000000000000000     
  0.16816999999999999        0.0000000000000000     
  0.17063000000000000        0.0000000000000000     
  0.17027999999999999        0.0000000000000000     
  0.12044000000000001        0.0000000000000000     
  0.27653000000000000        0.0000000000000000     
  0.23160000000000000        0.0000000000000000     
  0.30569000000000002        0.0000000000000000     
   7.9969999999999999E-002   0.0000000000000000     
  0.17415000000000000        0.0000000000000000     
  0.13868000000000000        0.0000000000000000     
  0.14607000000000001        0.0000000000000000     
   8.1330000000000000E-002   0.0000000000000000     
  0.23380000000000001        0.0000000000000000     
  0.25655000000000000        0.0000000000000000     
  0.24562000000000000        0.0000000000000000     
  0.12592999999999999        0.0000000000000000     
  0.22350999999999999        0.0000000000000000     
  0.10264000000000000        0.0000000000000000     
  0.11967000000000000        0.0000000000000000     
  0.18054999999999999        0.0000000000000000     
  0.19708999999999999        0.0000000000000000     
  0.22916000000000000        0.0000000000000000     
  0.26451000000000002        0.0000000000000000     
  0.10337000000000000        0.0000000000000000     
  0.36441000000000001        0.0000000000000000     
  0.20560000000000000        0.0000000000000000     
  0.17981000000000000        0.0000000000000000     
  0.19958999999999999        0.0000000000000000     
  0.15653000000000000        0.0000000000000000     
  0.16180000000000000        0.0000000000000000     
  0.20952999999999999        0.0000000000000000     
  0.24179000000000000        0.0000000000000000     
  0.23646000000000000        0.0000000000000000     
  0.22667999999999999        0.0000000000000000     
  0.29677999999999999        0.0000000000000000     
  0.20852000000000001        0.0000000000000000     
  0.25103999999999999        0.0000000000000000     
  0.25012000000000001        0.0000000000000000     
  0.11771000000000000        0.0000000000000000     
  0.21970999999999999        0.0000000000000000     
  0.14901000000000000        0.0000000000000000     
  0.28742000000000001        0.0000000000000000     
  0.14360000000000001        0.0000000000000000     
  0.32837000000000000        0.0000000000000000     
  0.24625000000000000        0.0000000000000000     
  0.11966000000000000        0.0000000000000000     
  0.32838000000000001        0.0000000000000000     
  0.21512999999999999        0.0000000000000000     
  0.14477999999999999        0.0000000000000000     
  0.13242999999999999        0.0000000000000000     
  0.21082000000000001        0.0000000000000000     
  0.20399000000000000        0.0000000000000000     
  0.27951999999999999        0.0000000000000000     
   4.4280000000000000E-002   0.0000000000000000     
  0.18037000000000000        0.0000000000000000     
  0.26069999999999999        0.0000000000000000     
   5.6540000000000000E-002   0.0000000000000000     
  0.21260000000000001        0.0000000000000000     
  0.36941000000000002        0.0000000000000000     
  0.17385999999999999        0.0000000000000000     
  0.14265000000000000        0.0000000000000000     
  0.17788999999999999        0.0000000000000000     
  0.32837000000000000        0.0000000000000000     
  0.25351000000000001        0.0000000000000000     
  0.30001000000000000        0.0000000000000000     
  0.10589000000000000        0.0000000000000000     
  0.22328000000000001        0.0000000000000000     
  0.11845000000000000        0.0000000000000000     
  0.17652999999999999        0.0000000000000000     
  0.18279999999999999        0.0000000000000000     
  0.29762000000000000        0.0000000000000000     
  0.19699000000000000        0.0000000000000000     
  0.15295000000000000        0.0000000000000000     
  0.24850000000000000        0.0000000000000000     
  0.13818000000000000        0.0000000000000000     
  0.20704000000000000        0.0000000000000000     
  0.21468000000000001        0.0000000000000000     
  0.30631999999999998        0.0000000000000000     
  0.24695000000000000        0.0000000000000000     
  0.19800999999999999        0.0000000000000000     
  0.22256000000000001        0.0000000000000000     
  0.13508000000000001        0.0000000000000000     
  0.21054000000000000        0.0000000000000000     
  0.27257999999999999        0.0000000000000000     
  0.24660000000000001        0.0000000000000000     
  0.22067999999999999        0.0000000000000000     
  0.27446999999999999        0.0000000000000000     
  0.17655999999999999        0.0000000000000000     
  0.31087999999999999        0.0000000000000000     
  0.18435000000000001        0.0000000000000000     
  0.15934999999999999        0.0000000000000000     
  0.21976000000000001        0.0000000000000000     
  0.25205000000000000        0.0000000000000000     
  0.18121999999999999        0.0000000000000000     
  0.17373000000000000        0.0000000000000000     
  0.38046999999999997        0.0000000000000000     
  0.17865000000000000        0.0000000000000000     
  0.24568000000000001        0.0000000000000000     
  0.20910000000000001        0.0000000000000000     
  0.24947000000000000        0.0000000000000000     
  0.13392000000000001        0.0000000000000000     
  0.17706000000000000        0.0000000000000000     
  0.28111000000000003        0.0000000000000000     
  0.17383000000000001        0.0000000000000000     
  0.19653999999999999        0.0000000000000000     
  0.36397000000000002        0.0000000000000000     
  0.37835000000000002        0.0000000000000000     
  0.31646000000000002        0.0000000000000000     
  0.18321999999999999        0.0000000000000000     
  0.24102000000000001        0.0000000000000000     
  0.20202999999999999        0.0000000000000000     
  0.16869000000000001        0.0000000000000000     
  0.19794000000000000        0.0000000000000000     
  0.12275999999999999        0.0000000000000000     
  0.20318000000000000        0.0000000000000000     
  0.12739000000000000        0.0000000000000000     
  0.27549000000000001        0.0000000000000000     
  0.14468000000000000        0.0000000000000000     
  0.33435999999999999        0.0000000000000000     
  0.19580000000000000        0.0000000000000000     
  0.19392000000000001        0.0000000000000000     
  0.24973000000000001        0.0000000000000000     
  0.14860000000000001        0.0000000000000000     
  0.15595999999999999        0.0000000000000000     
   9.5820000000000002E-002   0.0000000000000000     
  0.15065000000000001        0.0000000000000000     
  0.30932999999999999        0.0000000000000000     
  0.24857000000000001        0.0000000000000000     
  0.36553999999999998        0.0000000000000000     
  0.11771000000000000        0.0000000000000000     
  0.19176000000000001        0.0000000000000000     
  0.18254999999999999        0.0000000000000000     
  0.23472000000000001        0.0000000000000000     
  0.24646999999999999        0.0000000000000000     
  0.28844999999999998        0.0000000000000000     
  0.20960000000000001        0.0000000000000000     
  0.19198000000000001        0.0000000000000000     
  0.11402000000000000        0.0000000000000000     
  0.11389000000000001        0.0000000000000000     
  0.19880000000000000        0.0000000000000000     
  0.22058000000000000        0.0000000000000000     
  0.18257000000000001        0.0000000000000000     
  0.15895000000000001        0.0000000000000000     
   7.8490000000000004E-002   0.0000000000000000     
  0.13864000000000001        0.0000000000000000     
  0.18079000000000001        0.0000000000000000     
  0.17757000000000001        0.0000000000000000     
  0.17066000000000001        0.0000000000000000     
  0.23380999999999999        0.0000000000000000     
   7.1529999999999996E-002   0.0000000000000000     
  0.15462999999999999        0.0000000000000000     
   9.0100000000000000E-002   0.0000000000000000     
  0.17657999999999999        0.0000000000000000     
  0.13045000000000001        0.0000000000000000     
  0.18204000000000001        0.0000000000000000     
  0.25617000000000001        0.0000000000000000     
  0.13811000000000001        0.0000000000000000     
  0.17069999999999999        0.0000000000000000     
  0.21673999999999999        0.0000000000000000     
  0.24554999999999999        0.0000000000000000     
  0.14382000000000000        0.0000000000000000     
  0.24862000000000001        0.0000000000000000     
  0.14532999999999999        0.0000000000000000     
  0.13588000000000000        0.0000000000000000     
   5.8740000000000001E-002   0.0000000000000000     
   3.6519999999999997E-002   0.0000000000000000     
  0.27749000000000001        0.0000000000000000     
  0.20515000000000000        0.0000000000000000     
  0.28050999999999998        0.0000000000000000     
  0.19867000000000001        0.0000000000000000     
  0.15998999999999999        0.0000000000000000     
  0.21074999999999999        0.0000000000000000     
   7.1950000000000000E-002   0.0000000000000000     
  0.23782000000000000        0.0000000000000000     
  0.14138999999999999        0.0000000000000000     
  0.15506000000000000        0.0000000000000000     
  0.37013000000000001        0.0000000000000000     
   9.3909999999999993E-002   0.0000000000000000     
  0.11863000000000000        0.0000000000000000     
  0.15362999999999999        0.0000000000000000     
  0.25356000000000001        0.0000000000000000     
  0.10725000000000000        0.0000000000000000     
  0.12961000000000000        0.0000000000000000     
  0.26665000000000000        0.0000000000000000     
  0.21226000000000000        0.0000000000000000     
  0.27822000000000002        0.0000000000000000     
  0.24540000000000001        0.0000000000000000     
  0.13361999999999999        0.0000000000000000     
  0.17655999999999999        0.0000000000000000     
  0.11368000000000000        0.0000000000000000     
  0.32038000000000000        0.0000000000000000     
  0.11271000000000000        0.0000000000000000     
  0.10602000000000000        0.0000000000000000     
  0.39134999999999998        0.0000000000000000     
  0.15575000000000000        0.0000000000000000     
  0.18667000000000000        0.0000000000000000     
  0.19671000000000000        0.0000000000000000     
  0.19191000000000000        0.0000000000000000     
  0.19084000000000001        0.0000000000000000     
  0.17624999999999999        0.0000000000000000     
  0.12837000000000001        0.0000000000000000     
  0.12262000000000001        0.0000000000000000     
  0.12715000000000001        0.0000000000000000     
  0.21323000000000000        0.0000000000000000     
  0.21861000000000000        0.0000000000000000     
  0.26856000000000002        0.0000000000000000     
  0.20466000000000001        0.0000000000000000     
  0.26710000000000000        0.0000000000000000     
  0.21757000000000001        0.0000000000000000     
  0.24185000000000001        0.0000000000000000     
  0.29349999999999998        0.0000000000000000     
  0.35346000000000000        0.0000000000000000     
  0.18562999999999999        0.0000000000000000     
  0.28543000000000002        0.0000000000000000     
  0.19494000000000000        0.0000000000000000     
   7.5920000000000001E-002   0.0000000000000000     
  0.16356999999999999        0.0000000000000000     
  0.25720999999999999        0.0000000000000000     
  0.21955000000000000        0.0000000000000000     
  0.17558000000000001        0.0000000000000000     
  0.22667000000000001        0.0000000000000000     
  0.15322000000000000        0.0000000000000000     
  0.21024999999999999        0.0000000000000000     
  0.12164000000000000        0.0000000000000000     
  0.29135000000000000        0.0000000000000000     
  0.29448000000000002        0.0000000000000000     
  0.16455000000000000        0.0000000000000000     
  0.30702000000000002        0.0000000000000000     
  0.19863000000000000        0.0000000000000000     
  0.26821000000000000        0.0000000000000000     
  0.40128000000000003        0.0000000000000000     
  0.13668000000000000        0.0000000000000000     
  0.29542000000000002        0.0000000000000000     
  0.29192000000000001        0.0000000000000000     
   9.0069999999999997E-002   0.0000000000000000     
  0.20557000000000000        0.0000000000000000     
  0.14582000000000001        0.0000000000000000     
  0.11767000000000000        0.0000000000000000     
   5.4989999999999997E-002   0.0000000000000000     
  0.17419999999999999        0.0000000000000000     
  0.24495000000000000        0.0000000000000000     
  0.22452000000000000        0.0000000000000000     
  0.24557999999999999        0.0000000000000000     
  0.28350999999999998        0.0000000000000000     
  0.18056000000000000        0.0000000000000000     
  0.10391000000000000        0.0000000000000000     
  0.12961000000000000        0.0000000000000000     
  0.24351999999999999        0.0000000000000000     
  0.33135999999999999        0.0000000000000000     
  0.24348000000000000        0.0000000000000000     
  0.31468000000000002        0.0000000000000000     
  0.21865000000000001        0.0000000000000000     
  0.26013999999999998        0.0000000000000000     
  0.28243000000000001        0.0000000000000000     
  0.30041000000000001        0.0000000000000000     
  0.15185999999999999        0.0000000000000000     
  0.26357000000000003        0.0000000000000000     
  0.21382000000000001        0.0000000000000000     
  0.16284000000000001        0.0000000000000000     
  0.12440000000000000        0.0000000000000000     
  0.19464999999999999        0.0000000000000000     
  0.20554000000000000        0.0000000000000000     
  0.10667000000000000        0.0000000000000000     
  0.18772000000000000        0.0000000000000000     
  0.16386999999999999        0.0000000000000000     
  0.29021000000000002        0.0000000000000000     
   9.4009999999999996E-002   0.0000000000000000     
  0.22786000000000001        0.0000000000000000     
  0.10750999999999999        0.0000000000000000     
  0.31064999999999998        0.0000000000000000     
  0.14563999999999999        0.0000000000000000     
   8.7840000000000001E-002   0.0000000000000000     
  0.14838999999999999        0.0000000000000000     
  0.28661999999999999        0.0000000000000000     
  0.12281000000000000        0.0000000000000000     
  0.18654999999999999        0.0000000000000000     
  0.12892999999999999        0.0000000000000000     
  0.19422000000000000        0.0000000000000000     
  0.14799999999999999        0.0000000000000000     
  0.21179000000000001        0.0000000000000000     
  0.17962000000000000        0.0000000000000000     
  0.26349000000000000        0.0000000000000000     
  0.19214999999999999        0.0000000000000000     
  0.33879999999999999        0.0000000000000000     
  0.11741000000000000        0.0000000000000000     
  0.14310000000000000        0.0000000000000000     
  0.16034999999999999        0.0000000000000000     
  0.28871999999999998        0.0000000000000000     
  0.12303000000000000        0.0000000000000000     
  0.26405000000000001        0.0000000000000000     
  0.12608000000000000        0.0000000000000000     
  0.17374000000000001        0.0000000000000000     
  0.16439999999999999        0.0000000000000000     
  0.24961000000000000        0.0000000000000000     
  0.15998999999999999        0.0000000000000000     
  0.24448000000000000        0.0000000000000000     
  0.24851000000000001        0.0000000000000000     
  0.22892999999999999        0.0000000000000000     
   8.5279999999999995E-002   0.0000000000000000     
   6.2817999999999999E-002   0.0000000000000000     
  0.27744999999999997        0.0000000000000000     
  0.27544000000000002        0.0000000000000000     
  0.33051000000000003        0.0000000000000000     
  0.36192999999999997        0.0000000000000000     
  0.33102999999999999        0.0000000000000000     
  0.16050000000000000        0.0000000000000000     
  0.30020999999999998        0.0000000000000000     
  0.11635000000000000        0.0000000000000000     
  0.21829000000000001        0.0000000000000000     
  0.11967000000000000        0.0000000000000000     
  0.15473000000000001        0.0000000000000000     
  0.17810000000000001        0.0000000000000000     
  0.25036999999999998        0.0000000000000000     
  0.25174000000000002        0.0000000000000000     
  0.12953000000000001        0.0000000000000000     
  0.30929000000000001        0.0000000000000000     
  0.27851999999999999        0.0000000000000000     
  0.18581000000000000        0.0000000000000000     
   6.6510000000000000E-002   0.0000000000000000     
  0.25800000000000001        0.0000000000000000     
  0.29887999999999998        0.0000000000000000     
  0.27044000000000001        0.0000000000000000     
  0.27916000000000002        0.0000000000000000     
  0.29287000000000002        0.0000000000000000     
  0.18965000000000001        0.0000000000000000     
  0.26576000000000000        0.0000000000000000     
  0.12376000000000000        0.0000000000000000     
  0.18254999999999999        0.0000000000000000     
   5.6340000000000001E-002   0.0000000000000000     
  0.31287999999999999        0.0000000000000000     
  0.30914999999999998        0.0000000000000000     
  0.20061000000000001        0.0000000000000000     
  0.32640000000000002        0.0000000000000000     
  0.21163000000000001        0.0000000000000000     
  0.17968999999999999        0.0000000000000000     
  0.30240000000000000        0.0000000000000000     
  0.10924000000000000        0.0000000000000000     
   8.5220000000000004E-002   0.0000000000000000     
  0.20230999999999999        0.0000000000000000     
  0.12648999999999999        0.0000000000000000     
  0.21457000000000001        0.0000000000000000     
  0.32045000000000001        0.0000000000000000     
  0.21834999999999999        0.0000000000000000     
  0.19009999999999999        0.0000000000000000     
   9.2429999999999998E-002   0.0000000000000000     
  0.37985999999999998        0.0000000000000000     
  0.21134000000000000        0.0000000000000000     
  0.25833000000000000        0.0000000000000000     
  0.18326999999999999        0.0000000000000000     
  0.21295000000000000        0.0000000000000000     
  0.11651000000000000        0.0000000000000000     
  0.14401000000000000        0.0000000000000000     
  0.25248999999999999        0.0000000000000000     
  0.25539000000000001        0.0000000000000000     
  0.21698000000000001        0.0000000000000000     
   1.2659009999999999        0.0000000000000000     
  0.93577399999999999        0.0000000000000000     
   4.9519000000000001E-002   0.0000000000000000     
   3.0325000000000001E-002   0.0000000000000000     
   7.4579000000000006E-002   0.0000000000000000     
   2.5198000000000002E-002   0.0000000000000000     
   1.4411000000000000E-002   0.0000000000000000     
   2.0792000000000001E-002   0.0000000000000000     
   3.5217999999999999E-002   0.0000000000000000     
   4.1657000000000000E-002   0.0000000000000000     
   4.2400000000000000E-002   0.0000000000000000     
   1.8901999999999999E-002   0.0000000000000000     
   7.8839999999999993E-002   0.0000000000000000     
   6.3344999999999999E-002   0.0000000000000000     
   2.7636999999999998E-002   0.0000000000000000     
   4.9325000000000001E-002   0.0000000000000000     
   7.0152999999999993E-002   0.0000000000000000     
   2.3909000000000000E-002   0.0000000000000000     
   5.3126000000000000E-002   0.0000000000000000     
   2.4951000000000001E-002   0.0000000000000000     
   1.5664000000000001E-002   0.0000000000000000     
   4.8984000000000000E-002   0.0000000000000000     
   2.2398999999999999E-002   0.0000000000000000     
   3.4854000000000003E-002   0.0000000000000000     
   1.6965999999999998E-002   0.0000000000000000     
   3.0720999999999998E-002   0.0000000000000000     
   3.0481999999999999E-002   0.0000000000000000     
   1.0550000000000000E-002   0.0000000000000000     
   1.4256000000000000E-002   0.0000000000000000     
   2.7688000000000001E-002   0.0000000000000000     
   5.3859999999999998E-002   0.0000000000000000     
   1.7672000000000000E-002   0.0000000000000000     
   1.7450000000000000E-002   0.0000000000000000     
   1.5573000000000000E-002   0.0000000000000000     
   1.0059999999999999E-002   0.0000000000000000     
   5.4931000000000001E-002   0.0000000000000000     
   3.9083000000000000E-002   0.0000000000000000     
   7.8316999999999998E-002   0.0000000000000000     
   3.1764000000000001E-002   0.0000000000000000     
   1.4440000000000000E-002   0.0000000000000000     
   1.3533000000000000E-002   0.0000000000000000     
   2.6676999999999999E-002   0.0000000000000000     
   2.3359999999999999E-002   0.0000000000000000     
   3.6934000000000002E-002   0.0000000000000000     
   2.3552000000000000E-002   0.0000000000000000     
   1.7482999999999999E-002   0.0000000000000000     
   4.0259000000000003E-002   0.0000000000000000     
   3.0380999999999998E-002   0.0000000000000000     
   1.5504000000000000E-002   0.0000000000000000     
   1.4151000000000000E-002   0.0000000000000000     
   1.5487000000000001E-002   0.0000000000000000     
   1.5554000000000000E-002   0.0000000000000000     
   3.7074999999999997E-002   0.0000000000000000     
   1.5481999999999999E-002   0.0000000000000000     
   1.3324000000000001E-002   0.0000000000000000     
   1.4574999999999999E-002   0.0000000000000000     
   1.5790999999999999E-002   0.0000000000000000     
   2.4746000000000001E-002   0.0000000000000000     
   2.7747999999999998E-002   0.0000000000000000     
   1.0888000000000000E-002   0.0000000000000000     
   1.3651999999999999E-002   0.0000000000000000     
   3.5755000000000002E-002   0.0000000000000000     
   2.4725000000000000E-002   0.0000000000000000     
   3.8086000000000002E-002   0.0000000000000000     
   2.1541000000000001E-002   0.0000000000000000     
   1.9581000000000001E-002   0.0000000000000000     
   3.0415999999999999E-002   0.0000000000000000     
   3.9218999999999997E-002   0.0000000000000000     
   3.4971000000000002E-002   0.0000000000000000     
   2.8561000000000000E-002   0.0000000000000000     
   2.0996999999999998E-002   0.0000000000000000     
   3.2537999999999997E-002   0.0000000000000000     
   1.5469000000000000E-002   0.0000000000000000     
   1.5678000000000001E-002   0.0000000000000000     
   2.7498999999999999E-002   0.0000000000000000     
   4.6856000000000002E-002   0.0000000000000000     
   3.3173000000000001E-002   0.0000000000000000     
   1.0291000000000000E-002   0.0000000000000000     
   8.0102999999999994E-002   0.0000000000000000     
   1.2317000000000000E-002   0.0000000000000000     
   2.4586000000000000E-002   0.0000000000000000     
   1.4467000000000001E-002   0.0000000000000000     
   1.5154000000000001E-002   0.0000000000000000     
   2.9086000000000001E-002   0.0000000000000000     
   3.4780999999999999E-002   0.0000000000000000     
   4.4920000000000002E-002   0.0000000000000000     
   3.4074000000000000E-002   0.0000000000000000     
   7.4870000000000006E-002   0.0000000000000000     
   1.4959999999999999E-002   0.0000000000000000     
   2.0396000000000001E-002   0.0000000000000000     
   4.0689000000000003E-002   0.0000000000000000     
   2.6567000000000000E-002   0.0000000000000000     
   2.6880999999999999E-002   0.0000000000000000     
   2.3470999999999999E-002   0.0000000000000000     
   6.9122000000000003E-002   0.0000000000000000     
   6.5193000000000001E-002   0.0000000000000000     
   2.2980000000000000E-002   0.0000000000000000     
   1.7387000000000000E-002   0.0000000000000000     
   3.1484999999999999E-002   0.0000000000000000     
   1.1183999999999999E-002   0.0000000000000000     
   2.1956000000000000E-002   0.0000000000000000     
   3.1483999999999998E-002   0.0000000000000000     
   2.3321000000000001E-002   0.0000000000000000     
   2.0389999999999998E-002   0.0000000000000000     
   2.2466000000000000E-002   0.0000000000000000     
   3.3613999999999998E-002   0.0000000000000000     
   3.6969000000000002E-002   0.0000000000000000     
   2.2629000000000000E-002   0.0000000000000000     
   1.4700000000000000E-002   0.0000000000000000     
   3.6949999999999997E-002   0.0000000000000000     
   6.0958999999999999E-002   0.0000000000000000     
   5.9289000000000001E-002   0.0000000000000000     
   6.9750999999999994E-002   0.0000000000000000     
   2.9526000000000000E-002   0.0000000000000000     
   3.3255000000000000E-002   0.0000000000000000     
   2.4159000000000000E-002   0.0000000000000000     
   1.5998999999999999E-002   0.0000000000000000     
   6.2961000000000003E-002   0.0000000000000000     
   2.1706000000000000E-002   0.0000000000000000     
   3.1637999999999999E-002   0.0000000000000000     
   1.8599000000000001E-002   0.0000000000000000     
   2.7064000000000001E-002   0.0000000000000000     
   2.5468000000000001E-002   0.0000000000000000     
   2.3810000000000001E-002   0.0000000000000000     
   2.3866999999999999E-002   0.0000000000000000     
   2.2068000000000001E-002   0.0000000000000000     
