  0.34592800000000001        22.398136999999998     
  0.33093200000000000        21.861412000000001     
  0.37144300000000002        22.273052000000000     
  0.29171799999999998        21.961068000000001     
  0.35582000000000003        22.926618999999999     
  0.28360999999999997        21.256943000000000     
  0.26862399999999997        21.058468999999999     
  0.21003200000000000        21.056778999999999     
  0.36790400000000001        22.156621000000001     
  0.37058600000000003        22.462924000000001     
  0.35857000000000000        22.425017000000000     
  0.34955999999999998        22.510166999999999     
  0.26348700000000003        21.666480000000000     
  0.35833599999999999        22.515606999999999     
  0.33753400000000000        21.966214000000001     
  0.34051999999999999        22.137345000000000     
  0.26198399999999999        21.189796999999999     
  0.32453199999999999        21.993375000000000     
  0.18537100000000001        20.758955000000000     
  0.35155999999999998        22.684908000000000     
  0.34955700000000001        22.228290999999999     
  0.35526099999999999        22.387222000000001     
  0.37053100000000000        22.629370000000002     
  0.21946199999999999        20.852122000000001     
  0.24649199999999999        21.505669999999999     
  0.16945499999999999        20.293205000000000     
  0.37051099999999998        22.212225000000000     
  0.37351299999999998        22.144613000000000     
  0.37150800000000000        22.438189000000001     
  0.12529799999999999        19.752286000000002     
  0.28250999999999998        22.151637999999998     
  0.26848899999999998        21.711856000000001     
  0.25049800000000000        21.864224000000000     
  0.30159000000000002        21.442454000000001     
   6.4228999999999994E-002   18.347944999999999     
  0.12903000000000001        20.336945000000000     
  0.10289000000000000        19.156987999999998     
   4.4130000000000003E-002   17.531728000000001     
  0.11304000000000000        19.114132999999999     
  0.25611000000000000        21.537918999999999     
  0.38025999999999999        22.200281000000000     
  0.14546999999999999        20.283420000000000     
   8.8889999999999997E-002   19.115082000000001     
  0.26058999999999999        21.218177000000001     
   7.8909999999999994E-002   19.149702000000001     
   8.3040000000000003E-002   19.386270000000000     
  0.16564999999999999        20.412042000000000     
  0.16816999999999999        20.174019999999999     
  0.17063000000000000        20.781976000000000     
  0.17027999999999999        20.134725000000000     
  0.12044000000000001        20.209823000000000     
  0.27653000000000000        21.365494999999999     
  0.23160000000000000        21.098958000000000     
  0.30569000000000002        21.588073999999999     
   7.9969999999999999E-002   19.019822000000001     
  0.17415000000000000        20.351421999999999     
  0.13868000000000000        19.897068000000001     
  0.14607000000000001        20.061964000000000     
   8.1330000000000000E-002   18.915623000000000     
  0.23380000000000001        20.793050999999998     
  0.25655000000000000        21.306744999999999     
  0.24562000000000000        21.151866999999999     
  0.12592999999999999        19.890210000000000     
  0.22350999999999999        21.236545000000000     
  0.10264000000000000        19.206140999999999     
  0.11967000000000000        19.578968000000000     
  0.18054999999999999        20.674320000000002     
  0.19708999999999999        20.348239000000000     
  0.22916000000000000        21.093432000000000     
  0.26451000000000002        21.535409999999999     
  0.10337000000000000        19.373517000000000     
  0.36441000000000001        22.299562000000002     
  0.20560000000000000        20.662469000000002     
  0.17981000000000000        21.151747000000000     
  0.19958999999999999        20.849844999999998     
  0.15653000000000000        20.298024999999999     
  0.16180000000000000        20.328306999999999     
  0.20952999999999999        21.864970000000000     
  0.24179000000000000        21.801057000000000     
  0.23646000000000000        21.461511999999999     
  0.22667999999999999        21.068079999999998     
  0.29677999999999999        21.381850000000000     
  0.20852000000000001        20.762042000000001     
  0.25103999999999999        21.936242000000000     
  0.25012000000000001        20.967243000000000     
  0.11771000000000000        19.052211000000000     
  0.21970999999999999        20.855502000000001     
  0.14901000000000000        19.972155000000001     
  0.28742000000000001        21.262819000000000     
  0.14360000000000001        19.837993999999998     
  0.32837000000000000        21.644732000000001     
  0.24625000000000000        21.075270000000000     
  0.11966000000000000        20.319989000000000     
  0.32838000000000001        22.190460999999999     
  0.21512999999999999        21.433042000000000     
  0.14477999999999999        20.466614000000000     
  0.13242999999999999        20.147341000000001     
  0.21082000000000001        20.480730999999999     
  0.20399000000000000        20.912345999999999     
  0.27951999999999999        21.349608000000000     
   4.4280000000000000E-002   17.546294000000000     
  0.18037000000000000        20.228836999999999     
  0.26069999999999999        21.261082999999999     
   5.6540000000000000E-002   17.780075000000000     
  0.21260000000000001        21.246133000000000     
  0.36941000000000002        22.210028000000001     
  0.17385999999999999        20.452266999999999     
  0.14265000000000000        19.708683000000001     
  0.17788999999999999        20.152609999999999     
  0.32837000000000000        21.823069000000000     
  0.25351000000000001        21.384595999999998     
  0.30001000000000000        21.706686999999999     
  0.10589000000000000        19.370566000000000     
  0.22328000000000001        20.941811999999999     
  0.11845000000000000        19.436662999999999     
  0.17652999999999999        20.178782000000002     
  0.18279999999999999        20.867304000000001     
  0.29762000000000000        21.845815999999999     
  0.19699000000000000        20.684448000000000     
  0.15295000000000000        19.761455999999999     
  0.24850000000000000        21.203185000000001     
  0.13818000000000000        19.659001000000000     
  0.20704000000000000        21.801005000000000     
  0.21468000000000001        20.730053000000002     
  0.30631999999999998        21.733825000000000     
  0.24695000000000000        21.056951000000002     
  0.19800999999999999        20.948974000000000     
  0.22256000000000001        21.024294999999999     
  0.13508000000000001        20.461573000000001     
  0.21054000000000000        20.791872999999999     
  0.27257999999999999        21.161072999999998     
  0.24660000000000001        20.665732999999999     
  0.22067999999999999        21.520886000000001     
  0.27446999999999999        21.436954000000000     
  0.17655999999999999        20.504591999999999     
  0.31087999999999999        21.860479000000002     
  0.18435000000000001        20.641715000000001     
  0.15934999999999999        19.907795000000000     
  0.21976000000000001        20.943822000000001     
  0.25205000000000000        21.586693000000000     
  0.18121999999999999        20.192003000000000     
  0.17373000000000000        20.549280000000000     
  0.38046999999999997        21.980927999999999     
  0.17865000000000000        20.359332999999999     
  0.24568000000000001        21.326554999999999     
  0.20910000000000001        20.592027000000002     
  0.24947000000000000        21.852696000000002     
  0.13392000000000001        19.607858000000000     
  0.17706000000000000        20.736464000000002     
  0.28111000000000003        21.439311000000000     
  0.17383000000000001        21.032398000000001     
  0.19653999999999999        21.017686999999999     
  0.36397000000000002        22.059517000000000     
  0.37835000000000002        22.421907999999998     
  0.31646000000000002        21.846723999999998     
  0.18321999999999999        20.272732999999999     
  0.24102000000000001        21.005963000000001     
  0.20202999999999999        20.556408000000001     
  0.16869000000000001        20.889914000000001     
  0.19794000000000000        20.774797000000000     
  0.12275999999999999        19.617670000000000     
  0.20318000000000000        20.758955000000000     
  0.12739000000000000        20.104431999999999     
  0.27549000000000001        21.533317000000000     
  0.14468000000000000        20.257200999999998     
  0.33435999999999999        21.862024999999999     
  0.19580000000000000        20.704274999999999     
  0.19392000000000001        21.065010999999998     
  0.24973000000000001        21.020949999999999     
  0.14860000000000001        19.970319000000000     
  0.15595999999999999        20.146077999999999     
   9.5820000000000002E-002   19.773444000000001     
  0.15065000000000001        20.403921000000000     
  0.30932999999999999        22.130925999999999     
  0.24857000000000001        21.127942999999998     
  0.36553999999999998        22.136489999999998     
  0.11771000000000000        20.039870000000001     
  0.19176000000000001        20.740998000000001     
  0.18254999999999999        20.473839999999999     
  0.23472000000000001        21.130072999999999     
  0.24646999999999999        20.845773999999999     
  0.28844999999999998        20.859756999999998     
  0.20960000000000001        20.739132000000001     
  0.19198000000000001        20.466522000000001     
  0.11402000000000000        19.173325999999999     
  0.11389000000000001        19.719269000000001     
  0.19880000000000000        20.519881999999999     
  0.22058000000000000        20.764061999999999     
  0.18257000000000001        20.598590000000002     
  0.15895000000000001        19.937950000000001     
   7.8490000000000004E-002   19.240437000000000     
  0.13864000000000001        19.983006000000000     
  0.18079000000000001        20.579248000000000     
  0.17757000000000001        20.428083000000001     
  0.17066000000000001        20.557070000000000     
  0.23380999999999999        20.863174000000001     
   7.1529999999999996E-002   18.172291000000001     
  0.15462999999999999        19.970376000000002     
   9.0100000000000000E-002   18.818895999999999     
  0.17657999999999999        20.397033000000000     
  0.13045000000000001        19.653248000000001     
  0.18204000000000001        20.680620999999999     
  0.25617000000000001        21.318432999999999     
  0.13811000000000001        19.554935000000000     
  0.17069999999999999        20.780025999999999     
  0.21673999999999999        20.709520999999999     
  0.24554999999999999        21.091965999999999     
  0.14382000000000000        20.045510000000000     
  0.24862000000000001        21.302565999999999     
  0.14532999999999999        20.060752999999998     
  0.13588000000000000        20.059418999999998     
   5.8740000000000001E-002   17.862299000000000     
   3.6519999999999997E-002   17.320513999999999     
  0.27749000000000001        21.739046999999999     
  0.20515000000000000        21.182310000000001     
  0.28050999999999998        21.478247000000000     
  0.19867000000000001        20.490040000000000     
  0.15998999999999999        20.410888000000000     
  0.21074999999999999        21.022641000000000     
   7.1950000000000000E-002   18.984126000000000     
  0.23782000000000000        20.859375000000000     
  0.14138999999999999        20.083504000000001     
  0.15506000000000000        20.385860999999998     
  0.37013000000000001        21.893176000000000     
   9.3909999999999993E-002   19.176568000000000     
  0.11863000000000000        20.541778000000001     
  0.15362999999999999        20.240998999999999     
  0.25356000000000001        21.278008000000000     
  0.10725000000000000        19.337775000000001     
  0.12961000000000000        19.866161999999999     
  0.26665000000000000        21.322503000000001     
  0.21226000000000000        21.093298999999998     
  0.27822000000000002        21.278193000000002     
  0.24540000000000001        20.753568999999999     
  0.13361999999999999        20.091363999999999     
  0.17655999999999999        20.912797000000001     
  0.11368000000000000        19.674590999999999     
  0.32038000000000000        22.008299999999998     
  0.11271000000000000        19.405851999999999     
  0.10602000000000000        19.224685000000001     
  0.39134999999999998        22.096499000000001     
  0.15575000000000000        20.174029000000001     
  0.18667000000000000        21.077159000000002     
  0.19671000000000000        20.998833000000001     
  0.19191000000000000        21.201846000000000     
  0.19084000000000001        20.425402999999999     
  0.17624999999999999        20.591414000000000     
  0.12837000000000001        19.747603000000002     
  0.12262000000000001        19.509318000000000     
  0.12715000000000001        19.700776000000001     
  0.21323000000000000        21.240608000000002     
  0.21861000000000000        20.966723999999999     
  0.26856000000000002        21.597166999999999     
  0.20466000000000001        20.719101999999999     
  0.26710000000000000        21.206503000000001     
  0.21757000000000001        21.084987999999999     
  0.24185000000000001        20.841930999999999     
  0.29349999999999998        21.355269000000000     
  0.35346000000000000        21.770897000000001     
  0.18562999999999999        20.773682000000001     
  0.28543000000000002        21.594277000000002     
  0.19494000000000000        20.367563000000001     
   7.5920000000000001E-002   18.228158000000001     
  0.16356999999999999        20.518238000000000     
  0.25720999999999999        21.465617000000002     
  0.21955000000000000        21.280787000000000     
  0.17558000000000001        20.292843000000001     
  0.22667000000000001        21.438720000000000     
  0.15322000000000000        20.209016999999999     
  0.21024999999999999        21.643219999999999     
  0.12164000000000000        19.946007999999999     
  0.29135000000000000        21.541948999999999     
  0.29448000000000002        22.400725999999999     
  0.16455000000000000        20.243770000000001     
  0.30702000000000002        21.831913000000000     
  0.19863000000000000        20.711317999999999     
  0.26821000000000000        21.593672000000002     
  0.13668000000000000        20.268802999999998     
  0.29542000000000002        22.241585000000001     
  0.29192000000000001        21.507746999999998     
   9.0069999999999997E-002   18.477717999999999     
  0.20557000000000000        20.820146999999999     
  0.14582000000000001        19.800673000000000     
  0.11767000000000000        19.195923000000001     
   5.4989999999999997E-002   18.010876000000000     
  0.17419999999999999        20.509960000000000     
  0.24495000000000000        21.379199000000000     
  0.22452000000000000        21.145906000000000     
  0.24557999999999999        21.379054000000000     
  0.28350999999999998        21.246461000000000     
  0.18056000000000000        20.906870000000001     
  0.10391000000000000        19.260480000000001     
  0.12961000000000000        20.554137000000001     
  0.24351999999999999        20.934674999999999     
  0.33135999999999999        22.047888000000000     
  0.24348000000000000        21.412379999999999     
  0.31468000000000002        21.289082000000001     
  0.21865000000000001        20.772594999999999     
  0.26013999999999998        21.301262000000001     
  0.28243000000000001        21.510915000000001     
  0.30041000000000001        21.668758000000000     
  0.15185999999999999        19.681122999999999     
  0.26357000000000003        21.267444000000001     
  0.21382000000000001        21.110631999999999     
  0.16284000000000001        20.750876000000002     
  0.12440000000000000        19.953688000000000     
  0.19464999999999999        20.622004000000000     
  0.20554000000000000        20.612991999999998     
  0.10667000000000000        19.481026000000000     
  0.18772000000000000        21.111733999999998     
  0.16386999999999999        20.274432000000001     
  0.29021000000000002        21.340911999999999     
   9.4009999999999996E-002   18.639465000000001     
  0.22786000000000001        21.000868000000001     
  0.10750999999999999        19.591919000000001     
  0.31064999999999998        21.379308999999999     
  0.14563999999999999        20.358304000000000     
   8.7840000000000001E-002   18.825521999999999     
  0.14838999999999999        19.741298000000000     
  0.28661999999999999        21.604938000000001     
  0.12281000000000000        19.555088999999999     
  0.18654999999999999        20.476939000000002     
  0.12892999999999999        19.928782999999999     
  0.19422000000000000        20.982429000000000     
  0.14799999999999999        19.597186000000001     
  0.21179000000000001        21.774529000000001     
  0.17962000000000000        20.567619000000001     
  0.26349000000000000        21.149878000000001     
  0.19214999999999999        20.644093000000002     
  0.33879999999999999        21.773378000000001     
  0.11741000000000000        19.784621000000001     
  0.14310000000000000        19.815353999999999     
  0.16034999999999999        20.253587000000000     
  0.28871999999999998        21.563137999999999     
  0.12303000000000000        19.970953999999999     
  0.26405000000000001        21.371914000000000     
  0.12608000000000000        20.042918000000000     
  0.17374000000000001        20.242601000000001     
  0.16439999999999999        20.259822000000000     
  0.24961000000000000        21.547293000000000     
  0.15998999999999999        20.351465000000001     
  0.24448000000000000        20.797564999999999     
  0.24851000000000001        20.952988999999999     
  0.22892999999999999        20.806588000000001     
   8.5279999999999995E-002   18.765187000000001     
   6.2817999999999999E-002   18.039954000000002     
  0.27744999999999997        21.898887999999999     
  0.27544000000000002        21.521059000000001     
  0.33051000000000003        21.962505000000000     
  0.36192999999999997        22.096095999999999     
  0.33102999999999999        22.092013000000001     
  0.16050000000000000        20.359590000000001     
  0.30020999999999998        21.702057000000000     
  0.11635000000000000        19.462745000000002     
  0.21829000000000001        21.161023000000000     
  0.11967000000000000        19.648786999999999     
  0.15473000000000001        19.866724999999999     
  0.17810000000000001        20.910170000000001     
  0.25036999999999998        21.337855000000001     
  0.25174000000000002        21.405598999999999     
  0.12953000000000001        20.117059999999999     
  0.30929000000000001        21.575751000000000     
  0.27851999999999999        21.447890999999998     
  0.18581000000000000        20.479365999999999     
   6.6510000000000000E-002   18.639628999999999     
  0.25800000000000001        21.525113000000001     
  0.29887999999999998        21.522328999999999     
  0.27044000000000001        21.678523999999999     
  0.27916000000000002        21.551470999999999     
  0.29287000000000002        21.783514000000000     
  0.18965000000000001        20.949871000000002     
  0.26576000000000000        20.925674999999998     
  0.12376000000000000        19.608770000000000     
  0.18254999999999999        20.273166000000000     
   5.6340000000000001E-002   17.716443000000002     
  0.31287999999999999        21.594836999999998     
  0.30914999999999998        21.797035000000001     
  0.20061000000000001        20.954698000000000     
  0.32640000000000002        21.644769000000000     
  0.21163000000000001        20.830919999999999     
  0.17968999999999999        20.567027000000000     
  0.30240000000000000        22.054900000000000     
  0.10924000000000000        19.474150000000002     
   8.5220000000000004E-002   18.716573000000000     
  0.20230999999999999        20.782139000000001     
  0.12648999999999999        19.808547999999998     
  0.21457000000000001        20.885349999999999     
  0.32045000000000001        21.537604999999999     
  0.21834999999999999        21.098935999999998     
  0.19009999999999999        20.632628000000000     
   9.2429999999999998E-002   18.939485999999999     
  0.37985999999999998        21.922588999999999     
  0.21134000000000000        21.203520000000001     
  0.25833000000000000        21.619985000000000     
  0.18326999999999999        21.108509000000002     
  0.21295000000000000        20.819745000000001     
  0.11651000000000000        19.419454000000002     
  0.14401000000000000        19.969518999999998     
  0.25248999999999999        21.349050999999999     
  0.25539000000000001        21.432154000000001     
  0.21698000000000001        21.069215000000000     
   4.9519000000000001E-002   17.762488999999999     
   3.0325000000000001E-002   16.239518000000000     
   7.4579000000000006E-002   18.465664000000000     
   2.5198000000000002E-002   16.317246000000001     
   1.4411000000000000E-002   14.476032000000000     
   2.0792000000000001E-002   15.116795000000000     
   3.5217999999999999E-002   16.754961000000002     
   4.1657000000000000E-002   17.625150000000001     
   4.2400000000000000E-002   17.347518000000001     
   1.8901999999999999E-002   15.783958000000000     
   7.8839999999999993E-002   18.314101000000001     
   6.3344999999999999E-002   18.292783000000000     
   2.7636999999999998E-002   16.067616000000001     
   4.9325000000000001E-002   17.841201000000002     
   7.0152999999999993E-002   18.445046000000001     
   2.3909000000000000E-002   16.695978000000000     
   5.3126000000000000E-002   17.645060999999998     
   2.4951000000000001E-002   16.311743000000000     
   1.5664000000000001E-002   14.780118999999999     
   4.8984000000000000E-002   17.075748999999998     
   2.2398999999999999E-002   16.021035000000001     
   3.4854000000000003E-002   16.664677000000001     
   1.6965999999999998E-002   15.351431000000000     
   3.0720999999999998E-002   16.647114999999999     
   3.0481999999999999E-002   16.849730999999998     
   1.0550000000000000E-002   14.449313999999999     
   1.4256000000000000E-002   15.128363000000000     
   2.7688000000000001E-002   16.076604000000000     
   5.3859999999999998E-002   17.557966000000000     
   1.7672000000000000E-002   14.836398000000001     
   1.7450000000000000E-002   15.122099000000000     
   1.5573000000000000E-002   14.726182000000000     
   1.0059999999999999E-002   14.148421000000001     
   5.4931000000000001E-002   17.892389000000001     
   3.9083000000000000E-002   16.773852999999999     
   7.8316999999999998E-002   18.420978000000002     
   3.1764000000000001E-002   16.789918000000000     
   1.4440000000000000E-002   14.843842000000000     
   1.3533000000000000E-002   14.381710999999999     
   2.6676999999999999E-002   16.034918999999999     
   2.3359999999999999E-002   15.581359000000001     
   3.6934000000000002E-002   17.077342000000002     
   2.3552000000000000E-002   16.554283999999999     
   1.7482999999999999E-002   15.364414999999999     
   4.0259000000000003E-002   16.947361999999998     
   3.0380999999999998E-002   16.215140999999999     
   1.5504000000000000E-002   14.711779999999999     
   1.4151000000000000E-002   15.283561000000001     
   1.5487000000000001E-002   15.285545000000001     
   1.5554000000000000E-002   15.047556000000000     
   3.7074999999999997E-002   16.620415999999999     
   1.5481999999999999E-002   15.080249999999999     
   1.3324000000000001E-002   14.882717000000000     
   1.4574999999999999E-002   14.661390000000001     
   1.5790999999999999E-002   14.557266000000000     
   2.4746000000000001E-002   16.341106000000000     
   2.7747999999999998E-002   16.657319000000001     
   1.0888000000000000E-002   14.557202999999999     
   1.3651999999999999E-002   14.685508000000000     
   3.5755000000000002E-002   16.778327000000001     
   2.4725000000000000E-002   16.238326000000001     
   3.8086000000000002E-002   16.644355000000001     
   2.1541000000000001E-002   15.747199999999999     
   1.9581000000000001E-002   15.660095999999999     
   3.0415999999999999E-002   16.684369000000000     
   3.9218999999999997E-002   16.699328000000001     
   3.4971000000000002E-002   16.971121000000000     
   2.8561000000000000E-002   16.482973000000001     
   2.0996999999999998E-002   15.875946000000001     
   3.2537999999999997E-002   17.000951000000001     
   1.5469000000000000E-002   15.064971000000000     
   1.5678000000000001E-002   14.683230000000000     
   2.7498999999999999E-002   17.152881000000001     
   4.6856000000000002E-002   17.452691000000002     
   3.3173000000000001E-002   17.370052999999999     
   1.0291000000000000E-002   14.157498000000000     
   8.0102999999999994E-002   18.471039000000001     
   1.2317000000000000E-002   14.875843000000000     
   2.4586000000000000E-002   15.865712000000000     
   1.4467000000000001E-002   15.638553000000000     
   1.5154000000000001E-002   14.834769000000000     
   2.9086000000000001E-002   16.284531000000001     
   3.4780999999999999E-002   16.450122000000000     
   4.4920000000000002E-002   17.322621999999999     
   3.4074000000000000E-002   16.764211000000000     
   7.4870000000000006E-002   18.411791999999998     
   1.4959999999999999E-002   15.489034000000000     
   2.0396000000000001E-002   15.541531000000001     
   4.0689000000000003E-002   17.617163999999999     
   2.6567000000000000E-002   16.161470000000001     
   2.6880999999999999E-002   15.922518000000000     
   2.3470999999999999E-002   16.158252999999998     
   6.9122000000000003E-002   18.394172999999999     
   6.5193000000000001E-002   18.095053000000000     
   2.2980000000000000E-002   16.454585000000002     
   1.7387000000000000E-002   14.998450000000000     
   3.1484999999999999E-002   16.462073000000000     
   1.1183999999999999E-002   14.342973000000001     
   2.1956000000000000E-002   16.206993000000001     
   3.1483999999999998E-002   16.911563999999998     
   2.3321000000000001E-002   16.024533999999999     
   2.0389999999999998E-002   15.743710999999999     
   2.2466000000000000E-002   15.970889000000000     
   3.3613999999999998E-002   16.968737000000001     
   3.6969000000000002E-002   17.409901000000001     
   2.2629000000000000E-002   15.990615999999999     
   1.4700000000000000E-002   15.058085999999999     
   3.6949999999999997E-002   18.130272000000001     
   6.0958999999999999E-002   17.836262000000001     
   5.9289000000000001E-002   18.195512000000001     
   6.9750999999999994E-002   18.412215000000000     
   2.9526000000000000E-002   16.835065000000000     
   3.3255000000000000E-002   16.841218999999999     
   2.4159000000000000E-002   16.150168000000001     
   1.5998999999999999E-002   15.719765000000001     
   6.2961000000000003E-002   17.798492000000000     
   2.1706000000000000E-002   15.902189999999999     
   3.1637999999999999E-002   16.580939999999998     
   1.8599000000000001E-002   15.893310000000000     
   2.7064000000000001E-002   16.504006000000000     
   2.5468000000000001E-002   15.797848000000000     
   2.3810000000000001E-002   15.895500999999999     
   2.3866999999999999E-002   16.068268000000000     
   2.2068000000000001E-002   15.718540000000001     
